
       [ 234.,  654.,  357.,  895.],
       [ 268.,  925.,  330., 1000.],
       [ 478.,   50.,  595.,  236.],
       [ 457.,  297.,  600.,  912.]], dtype=float32), 'groundtruth_classes': array([1, 1, 1, 1, 1], dtype=int64), 'groundtruth_area': array([], dtype=float32), 'groundtruth_is_crowd': array([], dtype=bool), 'groundtruth_difficult': array([], dtype=int64), 'groundtruth_group_of': array([], dtype=int64)}
image_id  set()
tp_fp_labels[i]_object_detection_evaluation=  [1. 1. 1. 0. 0.]
scores[i]_object_detection_evaluation=  [0.96258998 0.93600065 0.87426859 0.45260373 0.39129537]
pricision.object_detection_evaluation = [1.   1.   1.   0.75 0.6 ]
recall.object_detection_evaluation = [0.2 0.4 0.6 0.6 0.6]
AP.metrics = 0.6
_process_batch_result_dict.evaluator=  {'original_image': array([[[[205, 215, 224],
         [211, 221, 230],
         [209, 220, 226],
         ...,
         [ 83, 104,  87],
         [112, 134, 113],
         [138, 157, 135]],

        [[203, 213, 222],
         [203, 214, 220],
         [202, 213, 219],
         ...,
         [ 85, 103,  87],
         [127, 146, 126],
         [151, 170, 148]],

        [[203, 216, 222],
         [197, 208, 214],
         [197, 208, 214],
         ...,
         [ 96, 115,  96],
         [148, 167, 145],
         [165, 185, 160]],

        ...,

        [[191, 213, 201],
         [173, 195, 183],
         [162, 185, 175],
         ...,
         [ 40,  86,  76],
         [ 42,  88,  78],
         [ 45,  92,  82]],

        [[179, 199, 190],
         [166, 187, 180],
         [165, 186, 179],
         ...,
         [ 39,  87,  75],
         [ 44,  92,  78],
         [ 39,  87,  73]],

        [[173, 192, 186],
         [170, 191, 186],
         [176, 197, 192],
         ...,
         [ 62, 110,  96],
         [ 88, 136, 120],
         [100, 151, 134]]]], dtype=uint8), 'key': b'DJI_0227_02_02.png', 'detection_boxes': array([[228.66345,   0.     , 375.3252 , 590.34344],
       [227.46759, 650.8542 , 361.9337 , 966.029  ],
       [463.04926,  52.45972, 603.00525, 899.33246],
       [469.00443,  56.02974, 604.76685, 546.8073 ],
       [462.8315 , 943.84033, 564.98346, 999.5716 ],
       [463.4994 , 814.55853, 578.0184 , 905.2132 ],
       [454.57346, 363.2594 , 601.38574, 870.8625 ],
       [  0.     ,   0.     ,   0.     ,   0.     ],
       [  0.     ,   0.     ,   0.     ,   0.     ],
       [  0.     ,   0.     ,   0.     ,   0.     ],
       [  0.     ,   0.     ,   0.     ,   0.     ],
       [  0.     ,   0.     ,   0.     ,   0.     ],
       [  0.     ,   0.     ,   0.     ,   0.     ],
       [  0.     ,   0.     ,   0.     ,   0.     ],
       [  0.     ,   0.     ,   0.     ,   0.     ],
       [  0.     ,   0.     ,   0.     ,   0.     ],
       [  0.     ,   0.     ,   0.     ,   0.     ],
       [  0.     ,   0.     ,   0.     ,   0.     ],
       [  0.     ,   0.     ,   0.     ,   0.     ],
       [  0.     ,   0.     ,   0.     ,   0.     ],
       [  0.     ,   0.     ,   0.     ,   0.     ],
       [  0.     ,   0.     ,   0.     ,   0.     ],
       [  0.     ,   0.     ,   0.     ,   0.     ],
       [  0.     ,   0.     ,   0.     ,   0.     ],
       [  0.     ,   0.     ,   0.     ,   0.     ],
       [  0.     ,   0.     ,   0.     ,   0.     ],
       [  0.     ,   0.     ,   0.     ,   0.     ],
       [  0.     ,   0.     ,   0.     ,   0.     ],
       [  0.     ,   0.     ,   0.     ,   0.     ],
       [  0.     ,   0.     ,   0.     ,   0.     ],
       [  0.     ,   0.     ,   0.     ,   0.     ],
       [  0.     ,   0.     ,   0.     ,   0.     ],
       [  0.     ,   0.     ,   0.     ,   0.     ],
       [  0.     ,   0.     ,   0.     ,   0.     ],
       [  0.     ,   0.     ,   0.     ,   0.     ],
       [  0.     ,   0.     ,   0.     ,   0.     ],
       [  0.     ,   0.     ,   0.     ,   0.     ],
       [  0.     ,   0.     ,   0.     ,   0.     ],
       [  0.     ,   0.     ,   0.     ,   0.     ],
       [  0.     ,   0.     ,   0.     ,   0.     ],
       [  0.     ,   0.     ,   0.     ,   0.     ],
       [  0.     ,   0.     ,   0.     ,   0.     ],
       [  0.     ,   0.     ,   0.     ,   0.     ],
       [  0.     ,   0.     ,   0.     ,   0.     ],
       [  0.     ,   0.     ,   0.     ,   0.     ],
       [  0.     ,   0.     ,   0.     ,   0.     ],
       [  0.     ,   0.     ,   0.     ,   0.     ],
       [  0.     ,   0.     ,   0.     ,   0.     ],
       [  0.     ,   0.     ,   0.     ,   0.     ],
       [  0.     ,   0.     ,   0.     ,   0.     ],
       [  0.     ,   0.     ,   0.     ,   0.     ],
       [  0.     ,   0.     ,   0.     ,   0.     ],
       [  0.     ,   0.     ,   0.     ,   0.     ],
       [  0.     ,   0.     ,   0.     ,   0.     ],
       [  0.     ,   0.     ,   0.     ,   0.     ],
       [  0.     ,   0.     ,   0.     ,   0.     ],
       [  0.     ,   0.     ,   0.     ,   0.     ],
       [  0.     ,   0.     ,   0.     ,   0.     ],
       [  0.     ,   0.     ,   0.     ,   0.     ],
       [  0.     ,   0.     ,   0.     ,   0.     ],
       [  0.     ,   0.     ,   0.     ,   0.     ],
       [  0.     ,   0.     ,   0.     ,   0.     ],
       [  0.     ,   0.     ,   0.     ,   0.     ],
       [  0.     ,   0.     ,   0.     ,   0.     ],
       [  0.     ,   0.     ,   0.     ,   0.     ],
       [  0.     ,   0.     ,   0.     ,   0.     ],
       [  0.     ,   0.     ,   0.     ,   0.     ],
       [  0.     ,   0.     ,   0.     ,   0.     ],
       [  0.     ,   0.     ,   0.     ,   0.     ],
       [  0.     ,   0.     ,   0.     ,   0.     ],
       [  0.     ,   0.     ,   0.     ,   0.     ],
       [  0.     ,   0.     ,   0.     ,   0.     ],
       [  0.     ,   0.     ,   0.     ,   0.     ],
       [  0.     ,   0.     ,   0.     ,   0.     ],
       [  0.     ,   0.     ,   0.     ,   0.     ],
       [  0.     ,   0.     ,   0.     ,   0.     ],
       [  0.     ,   0.     ,   0.     ,   0.     ],
       [  0.     ,   0.     ,   0.     ,   0.     ],
       [  0.     ,   0.     ,   0.     ,   0.     ],
       [  0.     ,   0.     ,   0.     ,   0.     ],
       [  0.     ,   0.     ,   0.     ,   0.     ],
       [  0.     ,   0.     ,   0.     ,   0.     ],
       [  0.     ,   0.     ,   0.     ,   0.     ],
       [  0.     ,   0.     ,   0.     ,   0.     ],
       [  0.     ,   0.     ,   0.     ,   0.     ],
       [  0.     ,   0.     ,   0.     ,   0.     ],
       [  0.     ,   0.     ,   0.     ,   0.     ],
       [  0.     ,   0.     ,   0.     ,   0.     ],
       [  0.     ,   0.     ,   0.     ,   0.     ],
       [  0.     ,   0.     ,   0.     ,   0.     ],
       [  0.     ,   0.     ,   0.     ,   0.     ],
       [  0.     ,   0.     ,   0.     ,   0.     ],
       [  0.     ,   0.     ,   0.     ,   0.     ],
       [  0.     ,   0.     ,   0.     ,   0.     ],
       [  0.     ,   0.     ,   0.     ,   0.     ],
       [  0.     ,   0.     ,   0.     ,   0.     ],
       [  0.     ,   0.     ,   0.     ,   0.     ],
       [  0.     ,   0.     ,   0.     ,   0.     ],
       [  0.     ,   0.     ,   0.     ,   0.     ],
       [  0.     ,   0.     ,   0.     ,   0.     ]], dtype=float32), 'detection_scores': array([0.96259   , 0.93600065, 0.8742686 , 0.6298283 , 0.45260373,
       0.39129537, 0.38351405, 0.        , 0.        , 0.        ,
       0.        , 0.        , 0.        , 0.        , 0.        ,
       0.        , 0.        , 0.        , 0.        , 0.        ,
       0.        , 0.        , 0.        , 0.        , 0.        ,
       0.        , 0.        , 0.        , 0.        , 0.        ,
       0.        , 0.        , 0.        , 0.        , 0.        ,
       0.        , 0.        , 0.        , 0.        , 0.        ,
       0.        , 0.        , 0.        , 0.        , 0.        ,
       0.        , 0.        , 0.        , 0.        , 0.        ,
       0.        , 0.        , 0.        , 0.        , 0.        ,
       0.        , 0.        , 0.        , 0.        , 0.        ,
       0.        , 0.        , 0.        , 0.        , 0.        ,
       0.        , 0.        , 0.        , 0.        , 0.        ,
       0.        , 0.        , 0.        , 0.        , 0.        ,
       0.        , 0.        , 0.        , 0.        , 0.        ,
       0.        , 0.        , 0.        , 0.        , 0.        ,
       0.        , 0.        , 0.        , 0.        , 0.        ,
       0.        , 0.        , 0.        , 0.        , 0.        ,
       0.        , 0.        , 0.        , 0.        , 0.        ],
      dtype=float32), 'detection_classes': array([1, 1, 1, 1, 1, 1, 1, 1, 1, 1, 1, 1, 1, 1, 1, 1, 1, 1, 1, 1, 1, 1,
       1, 1, 1, 1, 1, 1, 1, 1, 1, 1, 1, 1, 1, 1, 1, 1, 1, 1, 1, 1, 1, 1,
       1, 1, 1, 1, 1, 1, 1, 1, 1, 1, 1, 1, 1, 1, 1, 1, 1, 1, 1, 1, 1, 1,
       1, 1, 1, 1, 1, 1, 1, 1, 1, 1, 1, 1, 1, 1, 1, 1, 1, 1, 1, 1, 1, 1,
       1, 1, 1, 1, 1, 1, 1, 1, 1, 1, 1, 1], dtype=int64), 'groundtruth_boxes': array([[ 232.,    4.,  375.,  572.],
       [ 234.,  654.,  357.,  895.],
       [ 268.,  925.,  330., 1000.],
       [ 478.,   50.,  595.,  236.],
       [ 457.,  297.,  600.,  912.]], dtype=float32), 'groundtruth_classes': array([1, 1, 1, 1, 1], dtype=int64), 'groundtruth_area': array([], dtype=float32), 'groundtruth_is_crowd': array([], dtype=bool), 'groundtruth_difficult': array([], dtype=int64), 'groundtruth_group_of': array([], dtype=int64)}
image_id  set()
tp_fp_labels[i]_object_detection_evaluation=  [1. 1. 1. 0. 0.]
scores[i]_object_detection_evaluation=  [0.96258998 0.93600065 0.87426859 0.45260373 0.39129537]
pricision.object_detection_evaluation = [1.   1.   1.   0.75 0.6 ]
recall.object_detection_evaluation = [0.2 0.4 0.6 0.6 0.6]
AP.metrics = 0.6
_process_batch_result_dict.evaluator=  {'original_image': array([[[[205, 215, 224],
         [211, 221, 230],
         [209, 220, 226],
         ...,
         [ 83, 104,  87],
         [112, 134, 113],
         [138, 157, 135]],

        [[203, 213, 222],
         [203, 214, 220],
         [202, 213, 219],
         ...,
         [ 85, 103,  87],
         [127, 146, 126],
         [151, 170, 148]],

        [[203, 216, 222],
         [197, 208, 214],
         [197, 208, 214],
         ...,
         [ 96, 115,  96],
         [148, 167, 145],
         [165, 185, 160]],

        ...,

        [[191, 213, 201],
         [173, 195, 183],
         [162, 185, 175],
         ...,
         [ 40,  86,  76],
         [ 42,  88,  78],
         [ 45,  92,  82]],

        [[179, 199, 190],
         [166, 187, 180],
         [165, 186, 179],
         ...,
         [ 39,  87,  75],
         [ 44,  92,  78],
         [ 39,  87,  73]],

        [[173, 192, 186],
         [170, 191, 186],
         [176, 197, 192],
         ...,
         [ 62, 110,  96],
         [ 88, 136, 120],
         [100, 151, 134]]]], dtype=uint8), 'key': b'DJI_0227_02_02.png', 'detection_boxes': array([[228.66345,   0.     , 375.3252 , 590.34344],
       [227.46759, 650.8542 , 361.9337 , 966.029  ],
       [463.04926,  52.45972, 603.00525, 899.33246],
       [469.00443,  56.02974, 604.76685, 546.8073 ],
       [462.8315 , 943.84033, 564.98346, 999.5716 ],
       [463.4994 , 814.55853, 578.0184 , 905.2132 ],
       [454.57346, 363.2594 , 601.38574, 870.8625 ],
       [  0.     ,   0.     ,   0.     ,   0.     ],
       [  0.     ,   0.     ,   0.     ,   0.     ],
       [  0.     ,   0.     ,   0.     ,   0.     ],
       [  0.     ,   0.     ,   0.     ,   0.     ],
       [  0.     ,   0.     ,   0.     ,   0.     ],
       [  0.     ,   0.     ,   0.     ,   0.     ],
       [  0.     ,   0.     ,   0.     ,   0.     ],
       [  0.     ,   0.     ,   0.     ,   0.     ],
       [  0.     ,   0.     ,   0.     ,   0.     ],
       [  0.     ,   0.     ,   0.     ,   0.     ],
       [  0.     ,   0.     ,   0.     ,   0.     ],
       [  0.     ,   0.     ,   0.     ,   0.     ],
       [  0.     ,   0.     ,   0.     ,   0.     ],
       [  0.     ,   0.     ,   0.     ,   0.     ],
       [  0.     ,   0.     ,   0.     ,   0.     ],
       [  0.     ,   0.     ,   0.     ,   0.     ],
       [  0.     ,   0.     ,   0.     ,   0.     ],
       [  0.     ,   0.     ,   0.     ,   0.     ],
       [  0.     ,   0.     ,   0.     ,   0.     ],
       [  0.     ,   0.     ,   0.     ,   0.     ],
       [  0.     ,   0.     ,   0.     ,   0.     ],
       [  0.     ,   0.     ,   0.     ,   0.     ],
       [  0.     ,   0.     ,   0.     ,   0.     ],
       [  0.     ,   0.     ,   0.     ,   0.     ],
       [  0.     ,   0.     ,   0.     ,   0.     ],
       [  0.     ,   0.     ,   0.     ,   0.     ],
       [  0.     ,   0.     ,   0.     ,   0.     ],
       [  0.     ,   0.     ,   0.     ,   0.     ],
       [  0.     ,   0.     ,   0.     ,   0.     ],
       [  0.     ,   0.     ,   0.     ,   0.     ],
       [  0.     ,   0.     ,   0.     ,   0.     ],
       [  0.     ,   0.     ,   0.     ,   0.     ],
       [  0.     ,   0.     ,   0.     ,   0.     ],
       [  0.     ,   0.     ,   0.     ,   0.     ],
       [  0.     ,   0.     ,   0.     ,   0.     ],
       [  0.     ,   0.     ,   0.     ,   0.     ],
       [  0.     ,   0.     ,   0.     ,   0.     ],
       [  0.     ,   0.     ,   0.     ,   0.     ],
       [  0.     ,   0.     ,   0.     ,   0.     ],
       [  0.     ,   0.     ,   0.     ,   0.     ],
       [  0.     ,   0.     ,   0.     ,   0.     ],
       [  0.     ,   0.     ,   0.     ,   0.     ],
       [  0.     ,   0.     ,   0.     ,   0.     ],
       [  0.     ,   0.     ,   0.     ,   0.     ],
       [  0.     ,   0.     ,   0.     ,   0.     ],
       [  0.     ,   0.     ,   0.     ,   0.     ],
       [  0.     ,   0.     ,   0.     ,   0.     ],
       [  0.     ,   0.     ,   0.     ,   0.     ],
       [  0.     ,   0.     ,   0.     ,   0.     ],
       [  0.     ,   0.     ,   0.     ,   0.     ],
       [  0.     ,   0.     ,   0.     ,   0.     ],
       [  0.     ,   0.     ,   0.     ,   0.     ],
       [  0.     ,   0.     ,   0.     ,   0.     ],
       [  0.     ,   0.     ,   0.     ,   0.     ],
       [  0.     ,   0.     ,   0.     ,   0.     ],
       [  0.     ,   0.     ,   0.     ,   0.     ],
       [  0.     ,   0.     ,   0.     ,   0.     ],
       [  0.     ,   0.     ,   0.     ,   0.     ],
       [  0.     ,   0.     ,   0.     ,   0.     ],
       [  0.     ,   0.     ,   0.     ,   0.     ],
       [  0.     ,   0.     ,   0.     ,   0.     ],
       [  0.     ,   0.     ,   0.     ,   0.     ],
       [  0.     ,   0.     ,   0.     ,   0.     ],
       [  0.     ,   0.     ,   0.     ,   0.     ],
       [  0.     ,   0.     ,   0.     ,   0.     ],
       [  0.     ,   0.     ,   0.     ,   0.     ],
       [  0.     ,   0.     ,   0.     ,   0.     ],
       [  0.     ,   0.     ,   0.     ,   0.     ],
       [  0.     ,   0.     ,   0.     ,   0.     ],
       [  0.     ,   0.     ,   0.     ,   0.     ],
       [  0.     ,   0.     ,   0.     ,   0.     ],
       [  0.     ,   0.     ,   0.     ,   0.     ],
       [  0.     ,   0.     ,   0.     ,   0.     ],
       [  0.     ,   0.     ,   0.     ,   0.     ],
       [  0.     ,   0.     ,   0.     ,   0.     ],
       [  0.     ,   0.     ,   0.     ,   0.     ],
       [  0.     ,   0.     ,   0.     ,   0.     ],
       [  0.     ,   0.     ,   0.     ,   0.     ],
       [  0.     ,   0.     ,   0.     ,   0.     ],
       [  0.     ,   0.     ,   0.     ,   0.     ],
       [  0.     ,   0.     ,   0.     ,   0.     ],
       [  0.     ,   0.     ,   0.     ,   0.     ],
       [  0.     ,   0.     ,   0.     ,   0.     ],
       [  0.     ,   0.     ,   0.     ,   0.     ],
       [  0.     ,   0.     ,   0.     ,   0.     ],
       [  0.     ,   0.     ,   0.     ,   0.     ],
       [  0.     ,   0.     ,   0.     ,   0.     ],
       [  0.     ,   0.     ,   0.     ,   0.     ],
       [  0.     ,   0.     ,   0.     ,   0.     ],
       [  0.     ,   0.     ,   0.     ,   0.     ],
       [  0.     ,   0.     ,   0.     ,   0.     ],
       [  0.     ,   0.     ,   0.     ,   0.     ],
       [  0.     ,   0.     ,   0.     ,   0.     ]], dtype=float32), 'detection_scores': array([0.96259   , 0.93600065, 0.8742686 , 0.6298283 , 0.45260373,
       0.39129537, 0.38351405, 0.        , 0.        , 0.        ,
       0.        , 0.        , 0.        , 0.        , 0.        ,
       0.        , 0.        , 0.        , 0.        , 0.        ,
       0.        , 0.        , 0.        , 0.        , 0.        ,
       0.        , 0.        , 0.        , 0.        , 0.        ,
       0.        , 0.        , 0.        , 0.        , 0.        ,
       0.        , 0.        , 0.        , 0.        , 0.        ,
       0.        , 0.        , 0.        , 0.        , 0.        ,
       0.        , 0.        , 0.        , 0.        , 0.        ,
       0.        , 0.        , 0.        , 0.        , 0.        ,
       0.        , 0.        , 0.        , 0.        , 0.        ,
       0.        , 0.        , 0.        , 0.        , 0.        ,
       0.        , 0.        , 0.        , 0.        , 0.        ,
       0.        , 0.        , 0.        , 0.        , 0.        ,
       0.        , 0.        , 0.        , 0.        , 0.        ,
       0.        , 0.        , 0.        , 0.        , 0.        ,
       0.        , 0.        , 0.        , 0.        , 0.        ,
       0.        , 0.        , 0.        , 0.        , 0.        ,
       0.        , 0.        , 0.        , 0.        , 0.        ],
      dtype=float32), 'detection_classes': array([1, 1, 1, 1, 1, 1, 1, 1, 1, 1, 1, 1, 1, 1, 1, 1, 1, 1, 1, 1, 1, 1,
       1, 1, 1, 1, 1, 1, 1, 1, 1, 1, 1, 1, 1, 1, 1, 1, 1, 1, 1, 1, 1, 1,
       1, 1, 1, 1, 1, 1, 1, 1, 1, 1, 1, 1, 1, 1, 1, 1, 1, 1, 1, 1, 1, 1,
       1, 1, 1, 1, 1, 1, 1, 1, 1, 1, 1, 1, 1, 1, 1, 1, 1, 1, 1, 1, 1, 1,
       1, 1, 1, 1, 1, 1, 1, 1, 1, 1, 1, 1], dtype=int64), 'groundtruth_boxes': array([[ 232.,    4.,  375.,  572.],
       [ 234.,  654.,  357.,  895.],
       [ 268.,  925.,  330., 1000.],
       [ 478.,   50.,  595.,  236.],
       [ 457.,  297.,  600.,  912.]], dtype=float32), 'groundtruth_classes': array([1, 1, 1, 1, 1], dtype=int64), 'groundtruth_area': array([], dtype=float32), 'groundtruth_is_crowd': array([], dtype=bool), 'groundtruth_difficult': array([], dtype=int64), 'groundtruth_group_of': array([], dtype=int64)}
image_id  set()
tp_fp_labels[i]_object_detection_evaluation=  [1. 1. 1. 0. 0.]
scores[i]_object_detection_evaluation=  [0.96258998 0.93600065 0.87426859 0.45260373 0.39129537]
pricision.object_detection_evaluation = [1.   1.   1.   0.75 0.6 ]
recall.object_detection_evaluation = [0.2 0.4 0.6 0.6 0.6]
AP.metrics = 0.6
_process_batch_result_dict.evaluator=  {'original_image': array([[[[205, 215, 224],
         [211, 221, 230],
         [209, 220, 226],
         ...,
         [ 83, 104,  87],
         [112, 134, 113],
         [138, 157, 135]],

        [[203, 213, 222],
         [203, 214, 220],
         [202, 213, 219],
         ...,
         [ 85, 103,  87],
         [127, 146, 126],
         [151, 170, 148]],

        [[203, 216, 222],
         [197, 208, 214],
         [197, 208, 214],
         ...,
         [ 96, 115,  96],
         [148, 167, 145],
         [165, 185, 160]],

        ...,

        [[191, 213, 201],
         [173, 195, 183],
         [162, 185, 175],
         ...,
         [ 40,  86,  76],
         [ 42,  88,  78],
         [ 45,  92,  82]],

        [[179, 199, 190],
         [166, 187, 180],
         [165, 186, 179],
         ...,
         [ 39,  87,  75],
         [ 44,  92,  78],
         [ 39,  87,  73]],

        [[173, 192, 186],
         [170, 191, 186],
         [176, 197, 192],
         ...,
         [ 62, 110,  96],
         [ 88, 136, 120],
         [100, 151, 134]]]], dtype=uint8), 'key': b'DJI_0227_02_02.png', 'detection_boxes': array([[228.66345,   0.     , 375.3252 , 590.34344],
       [227.46759, 650.8542 , 361.9337 , 966.029  ],
       [463.04926,  52.45972, 603.00525, 899.33246],
       [469.00443,  56.02974, 604.76685, 546.8073 ],
       [462.8315 , 943.84033, 564.98346, 999.5716 ],
       [463.4994 , 814.55853, 578.0184 , 905.2132 ],
       [454.57346, 363.2594 , 601.38574, 870.8625 ],
       [  0.     ,   0.     ,   0.     ,   0.     ],
       [  0.     ,   0.     ,   0.     ,   0.     ],
       [  0.     ,   0.     ,   0.     ,   0.     ],
       [  0.     ,   0.     ,   0.     ,   0.     ],
       [  0.     ,   0.     ,   0.     ,   0.     ],
       [  0.     ,   0.     ,   0.     ,   0.     ],
       [  0.     ,   0.     ,   0.     ,   0.     ],
       [  0.     ,   0.     ,   0.     ,   0.     ],
       [  0.     ,   0.     ,   0.     ,   0.     ],
       [  0.     ,   0.     ,   0.     ,   0.     ],
       [  0.     ,   0.     ,   0.     ,   0.     ],
       [  0.     ,   0.     ,   0.     ,   0.     ],
       [  0.     ,   0.     ,   0.     ,   0.     ],
       [  0.     ,   0.     ,   0.     ,   0.     ],
       [  0.     ,   0.     ,   0.     ,   0.     ],
       [  0.     ,   0.     ,   0.     ,   0.     ],
       [  0.     ,   0.     ,   0.     ,   0.     ],
       [  0.     ,   0.     ,   0.     ,   0.     ],
       [  0.     ,   0.     ,   0.     ,   0.     ],
       [  0.     ,   0.     ,   0.     ,   0.     ],
       [  0.     ,   0.     ,   0.     ,   0.     ],
       [  0.     ,   0.     ,   0.     ,   0.     ],
       [  0.     ,   0.     ,   0.     ,   0.     ],
       [  0.     ,   0.     ,   0.     ,   0.     ],
       [  0.     ,   0.     ,   0.     ,   0.     ],
       [  0.     ,   0.     ,   0.     ,   0.     ],
       [  0.     ,   0.     ,   0.     ,   0.     ],
       [  0.     ,   0.     ,   0.     ,   0.     ],
       [  0.     ,   0.     ,   0.     ,   0.     ],
       [  0.     ,   0.     ,   0.     ,   0.     ],
       [  0.     ,   0.     ,   0.     ,   0.     ],
       [  0.     ,   0.     ,   0.     ,   0.     ],
       [  0.     ,   0.     ,   0.     ,   0.     ],
       [  0.     ,   0.     ,   0.     ,   0.     ],
       [  0.     ,   0.     ,   0.     ,   0.     ],
       [  0.     ,   0.     ,   0.     ,   0.     ],
       [  0.     ,   0.     ,   0.     ,   0.     ],
       [  0.     ,   0.     ,   0.     ,   0.     ],
       [  0.     ,   0.     ,   0.     ,   0.     ],
       [  0.     ,   0.     ,   0.     ,   0.     ],
       [  0.     ,   0.     ,   0.     ,   0.     ],
       [  0.     ,   0.     ,   0.     ,   0.     ],
       [  0.     ,   0.     ,   0.     ,   0.     ],
       [  0.     ,   0.     ,   0.     ,   0.     ],
       [  0.     ,   0.     ,   0.     ,   0.     ],
       [  0.     ,   0.     ,   0.     ,   0.     ],
       [  0.     ,   0.     ,   0.     ,   0.     ],
       [  0.     ,   0.     ,   0.     ,   0.     ],
       [  0.     ,   0.     ,   0.     ,   0.     ],
       [  0.     ,   0.     ,   0.     ,   0.     ],
       [  0.     ,   0.     ,   0.     ,   0.     ],
       [  0.     ,   0.     ,   0.     ,   0.     ],
       [  0.     ,   0.     ,   0.     ,   0.     ],
       [  0.     ,   0.     ,   0.     ,   0.     ],
       [  0.     ,   0.     ,   0.     ,   0.     ],
       [  0.     ,   0.     ,   0.     ,   0.     ],
       [  0.     ,   0.     ,   0.     ,   0.     ],
       [  0.     ,   0.     ,   0.     ,   0.     ],
       [  0.     ,   0.     ,   0.     ,   0.     ],
       [  0.     ,   0.     ,   0.     ,   0.     ],
       [  0.     ,   0.     ,   0.     ,   0.     ],
       [  0.     ,   0.     ,   0.     ,   0.     ],
       [  0.     ,   0.     ,   0.     ,   0.     ],
       [  0.     ,   0.     ,   0.     ,   0.     ],
       [  0.     ,   0.     ,   0.     ,   0.     ],
       [  0.     ,   0.     ,   0.     ,   0.     ],
       [  0.     ,   0.     ,   0.     ,   0.     ],
       [  0.     ,   0.     ,   0.     ,   0.     ],
       [  0.     ,   0.     ,   0.     ,   0.     ],
       [  0.     ,   0.     ,   0.     ,   0.     ],
       [  0.     ,   0.     ,   0.     ,   0.     ],
       [  0.     ,   0.     ,   0.     ,   0.     ],
       [  0.     ,   0.     ,   0.     ,   0.     ],
       [  0.     ,   0.     ,   0.     ,   0.     ],
       [  0.     ,   0.     ,   0.     ,   0.     ],
       [  0.     ,   0.     ,   0.     ,   0.     ],
       [  0.     ,   0.     ,   0.     ,   0.     ],
       [  0.     ,   0.     ,   0.     ,   0.     ],
       [  0.     ,   0.     ,   0.     ,   0.     ],
       [  0.     ,   0.     ,   0.     ,   0.     ],
       [  0.     ,   0.     ,   0.     ,   0.     ],
       [  0.     ,   0.     ,   0.     ,   0.     ],
       [  0.     ,   0.     ,   0.     ,   0.     ],
       [  0.     ,   0.     ,   0.     ,   0.     ],
       [  0.     ,   0.     ,   0.     ,   0.     ],
       [  0.     ,   0.     ,   0.     ,   0.     ],
       [  0.     ,   0.     ,   0.     ,   0.     ],
       [  0.     ,   0.     ,   0.     ,   0.     ],
       [  0.     ,   0.     ,   0.     ,   0.     ],
       [  0.     ,   0.     ,   0.     ,   0.     ],
       [  0.     ,   0.     ,   0.     ,   0.     ],
       [  0.     ,   0.     ,   0.     ,   0.     ],
       [  0.     ,   0.     ,   0.     ,   0.     ]], dtype=float32), 'detection_scores': array([0.96259   , 0.93600065, 0.8742686 , 0.6298283 , 0.45260373,
       0.39129537, 0.38351405, 0.        , 0.        , 0.        ,
       0.        , 0.        , 0.        , 0.        , 0.        ,
       0.        , 0.        , 0.        , 0.        , 0.        ,
       0.        , 0.        , 0.        , 0.        , 0.        ,
       0.        , 0.        , 0.        , 0.        , 0.        ,
       0.        , 0.        , 0.        , 0.        , 0.        ,
       0.        , 0.        , 0.        , 0.        , 0.        ,
       0.        , 0.        , 0.        , 0.        , 0.        ,
       0.        , 0.        , 0.        , 0.        , 0.        ,
       0.        , 0.        , 0.        , 0.        , 0.        ,
       0.        , 0.        , 0.        , 0.        , 0.        ,
       0.        , 0.        , 0.        , 0.        , 0.        ,
       0.        , 0.        , 0.        , 0.        , 0.        ,
       0.        , 0.        , 0.        , 0.        , 0.        ,
       0.        , 0.        , 0.        , 0.        , 0.        ,
       0.        , 0.        , 0.        , 0.        , 0.        ,
       0.        , 0.        , 0.        , 0.        , 0.        ,
       0.        , 0.        , 0.        , 0.        , 0.        ,
       0.        , 0.        , 0.        , 0.        , 0.        ],
      dtype=float32), 'detection_classes': array([1, 1, 1, 1, 1, 1, 1, 1, 1, 1, 1, 1, 1, 1, 1, 1, 1, 1, 1, 1, 1, 1,
       1, 1, 1, 1, 1, 1, 1, 1, 1, 1, 1, 1, 1, 1, 1, 1, 1, 1, 1, 1, 1, 1,
       1, 1, 1, 1, 1, 1, 1, 1, 1, 1, 1, 1, 1, 1, 1, 1, 1, 1, 1, 1, 1, 1,
       1, 1, 1, 1, 1, 1, 1, 1, 1, 1, 1, 1, 1, 1, 1, 1, 1, 1, 1, 1, 1, 1,
       1, 1, 1, 1, 1, 1, 1, 1, 1, 1, 1, 1], dtype=int64), 'groundtruth_boxes': array([[ 232.,    4.,  375.,  572.],
       [ 234.,  654.,  357.,  895.],
       [ 268.,  925.,  330., 1000.],
       [ 478.,   50.,  595.,  236.],
       [ 457.,  297.,  600.,  912.]], dtype=float32), 'groundtruth_classes': array([1, 1, 1, 1, 1], dtype=int64), 'groundtruth_area': array([], dtype=float32), 'groundtruth_is_crowd': array([], dtype=bool), 'groundtruth_difficult': array([], dtype=int64), 'groundtruth_group_of': array([], dtype=int64)}
image_id  set()
tp_fp_labels[i]_object_detection_evaluation=  [1. 1. 1. 0. 0.]
scores[i]_object_detection_evaluation=  [0.96258998 0.93600065 0.87426859 0.45260373 0.39129537]
pricision.object_detection_evaluation = [1.   1.   1.   0.75 0.6 ]
recall.object_detection_evaluation = [0.2 0.4 0.6 0.6 0.6]
AP.metrics = 0.6
_process_batch_result_dict.evaluator=  {'original_image': array([[[[205, 215, 224],
         [211, 221, 230],
         [209, 220, 226],
         ...,
         [ 83, 104,  87],
         [112, 134, 113],
         [138, 157, 135]],

        [[203, 213, 222],
         [203, 214, 220],
         [202, 213, 219],
         ...,
         [ 85, 103,  87],
         [127, 146, 126],
         [151, 170, 148]],

        [[203, 216, 222],
         [197, 208, 214],
         [197, 208, 214],
         ...,
         [ 96, 115,  96],
         [148, 167, 145],
         [165, 185, 160]],

        ...,

        [[191, 213, 201],
         [173, 195, 183],
         [162, 185, 175],
         ...,
         [ 40,  86,  76],
         [ 42,  88,  78],
         [ 45,  92,  82]],

        [[179, 199, 190],
         [166, 187, 180],
         [165, 186, 179],
         ...,
         [ 39,  87,  75],
         [ 44,  92,  78],
         [ 39,  87,  73]],

        [[173, 192, 186],
         [170, 191, 186],
         [176, 197, 192],
         ...,
         [ 62, 110,  96],
         [ 88, 136, 120],
         [100, 151, 134]]]], dtype=uint8), 'key': b'DJI_0227_02_02.png', 'detection_boxes': array([[228.66345,   0.     , 375.3252 , 590.34344],
       [227.46759, 650.8542 , 361.9337 , 966.029  ],
       [463.04926,  52.45972, 603.00525, 899.33246],
       [469.00443,  56.02974, 604.76685, 546.8073 ],
       [462.8315 , 943.84033, 564.98346, 999.5716 ],
       [463.4994 , 814.55853, 578.0184 , 905.2132 ],
       [454.57346, 363.2594 , 601.38574, 870.8625 ],
       [  0.     ,   0.     ,   0.     ,   0.     ],
       [  0.     ,   0.     ,   0.     ,   0.     ],
       [  0.     ,   0.     ,   0.     ,   0.     ],
       [  0.     ,   0.     ,   0.     ,   0.     ],
       [  0.     ,   0.     ,   0.     ,   0.     ],
       [  0.     ,   0.     ,   0.     ,   0.     ],
       [  0.     ,   0.     ,   0.     ,   0.     ],
       [  0.     ,   0.     ,   0.     ,   0.     ],
       [  0.     ,   0.     ,   0.     ,   0.     ],
       [  0.     ,   0.     ,   0.     ,   0.     ],
       [  0.     ,   0.     ,   0.     ,   0.     ],
       [  0.     ,   0.     ,   0.     ,   0.     ],
       [  0.     ,   0.     ,   0.     ,   0.     ],
       [  0.     ,   0.     ,   0.     ,   0.     ],
       [  0.     ,   0.     ,   0.     ,   0.     ],
       [  0.     ,   0.     ,   0.     ,   0.     ],
       [  0.     ,   0.     ,   0.     ,   0.     ],
       [  0.     ,   0.     ,   0.     ,   0.     ],
       [  0.     ,   0.     ,   0.     ,   0.     ],
       [  0.     ,   0.     ,   0.     ,   0.     ],
       [  0.     ,   0.     ,   0.     ,   0.     ],
       [  0.     ,   0.     ,   0.     ,   0.     ],
       [  0.     ,   0.     ,   0.     ,   0.     ],
       [  0.     ,   0.     ,   0.     ,   0.     ],
       [  0.     ,   0.     ,   0.     ,   0.     ],
       [  0.     ,   0.     ,   0.     ,   0.     ],
       [  0.     ,   0.     ,   0.     ,   0.     ],
       [  0.     ,   0.     ,   0.     ,   0.     ],
       [  0.     ,   0.     ,   0.     ,   0.     ],
       [  0.     ,   0.     ,   0.     ,   0.     ],
       [  0.     ,   0.     ,   0.     ,   0.     ],
       [  0.     ,   0.     ,   0.     ,   0.     ],
       [  0.     ,   0.     ,   0.     ,   0.     ],
       [  0.     ,   0.     ,   0.     ,   0.     ],
       [  0.     ,   0.     ,   0.     ,   0.     ],
       [  0.     ,   0.     ,   0.     ,   0.     ],
       [  0.     ,   0.     ,   0.     ,   0.     ],
       [  0.     ,   0.     ,   0.     ,   0.     ],
       [  0.     ,   0.     ,   0.     ,   0.     ],
       [  0.     ,   0.     ,   0.     ,   0.     ],
       [  0.     ,   0.     ,   0.     ,   0.     ],
       [  0.     ,   0.     ,   0.     ,   0.     ],
       [  0.     ,   0.     ,   0.     ,   0.     ],
       [  0.     ,   0.     ,   0.     ,   0.     ],
       [  0.     ,   0.     ,   0.     ,   0.     ],
       [  0.     ,   0.     ,   0.     ,   0.     ],
       [  0.     ,   0.     ,   0.     ,   0.     ],
       [  0.     ,   0.     ,   0.     ,   0.     ],
       [  0.     ,   0.     ,   0.     ,   0.     ],
       [  0.     ,   0.     ,   0.     ,   0.     ],
       [  0.     ,   0.     ,   0.     ,   0.     ],
       [  0.     ,   0.     ,   0.     ,   0.     ],
       [  0.     ,   0.     ,   0.     ,   0.     ],
       [  0.     ,   0.     ,   0.     ,   0.     ],
       [  0.     ,   0.     ,   0.     ,   0.     ],
       [  0.     ,   0.     ,   0.     ,   0.     ],
       [  0.     ,   0.     ,   0.     ,   0.     ],
       [  0.     ,   0.     ,   0.     ,   0.     ],
       [  0.     ,   0.     ,   0.     ,   0.     ],
       [  0.     ,   0.     ,   0.     ,   0.     ],
       [  0.     ,   0.     ,   0.     ,   0.     ],
       [  0.     ,   0.     ,   0.     ,   0.     ],
       [  0.     ,   0.     ,   0.     ,   0.     ],
       [  0.     ,   0.     ,   0.     ,   0.     ],
       [  0.     ,   0.     ,   0.     ,   0.     ],
       [  0.     ,   0.     ,   0.     ,   0.     ],
       [  0.     ,   0.     ,   0.     ,   0.     ],
       [  0.     ,   0.     ,   0.     ,   0.     ],
       [  0.     ,   0.     ,   0.     ,   0.     ],
       [  0.     ,   0.     ,   0.     ,   0.     ],
       [  0.     ,   0.     ,   0.     ,   0.     ],
       [  0.     ,   0.     ,   0.     ,   0.     ],
       [  0.     ,   0.     ,   0.     ,   0.     ],
       [  0.     ,   0.     ,   0.     ,   0.     ],
       [  0.     ,   0.     ,   0.     ,   0.     ],
       [  0.     ,   0.     ,   0.     ,   0.     ],
       [  0.     ,   0.     ,   0.     ,   0.     ],
       [  0.     ,   0.     ,   0.     ,   0.     ],
       [  0.     ,   0.     ,   0.     ,   0.     ],
       [  0.     ,   0.     ,   0.     ,   0.     ],
       [  0.     ,   0.     ,   0.     ,   0.     ],
       [  0.     ,   0.     ,   0.     ,   0.     ],
       [  0.     ,   0.     ,   0.     ,   0.     ],
       [  0.     ,   0.     ,   0.     ,   0.     ],
       [  0.     ,   0.     ,   0.     ,   0.     ],
       [  0.     ,   0.     ,   0.     ,   0.     ],
       [  0.     ,   0.     ,   0.     ,   0.     ],
       [  0.     ,   0.     ,   0.     ,   0.     ],
       [  0.     ,   0.     ,   0.     ,   0.     ],
       [  0.     ,   0.     ,   0.     ,   0.     ],
       [  0.     ,   0.     ,   0.     ,   0.     ],
       [  0.     ,   0.     ,   0.     ,   0.     ],
       [  0.     ,   0.     ,   0.     ,   0.     ]], dtype=float32), 'detection_scores': array([0.96259   , 0.93600065, 0.8742686 , 0.6298283 , 0.45260373,
       0.39129537, 0.38351405, 0.        , 0.        , 0.        ,
       0.        , 0.        , 0.        , 0.        , 0.        ,
       0.        , 0.        , 0.        , 0.        , 0.        ,
       0.        , 0.        , 0.        , 0.        , 0.        ,
       0.        , 0.        , 0.        , 0.        , 0.        ,
       0.        , 0.        , 0.        , 0.        , 0.        ,
       0.        , 0.        , 0.        , 0.        , 0.        ,
       0.        , 0.        , 0.        , 0.        , 0.        ,
       0.        , 0.        , 0.        , 0.        , 0.        ,
       0.        , 0.        , 0.        , 0.        , 0.        ,
       0.        , 0.        , 0.        , 0.        , 0.        ,
       0.        , 0.        , 0.        , 0.        , 0.        ,
       0.        , 0.        , 0.        , 0.        , 0.        ,
       0.        , 0.        , 0.        , 0.        , 0.        ,
       0.        , 0.        , 0.        , 0.        , 0.        ,
       0.        , 0.        , 0.        , 0.        , 0.        ,
       0.        , 0.        , 0.        , 0.        , 0.        ,
       0.        , 0.        , 0.        , 0.        , 0.        ,
       0.        , 0.        , 0.        , 0.        , 0.        ],
      dtype=float32), 'detection_classes': array([1, 1, 1, 1, 1, 1, 1, 1, 1, 1, 1, 1, 1, 1, 1, 1, 1, 1, 1, 1, 1, 1,
       1, 1, 1, 1, 1, 1, 1, 1, 1, 1, 1, 1, 1, 1, 1, 1, 1, 1, 1, 1, 1, 1,
       1, 1, 1, 1, 1, 1, 1, 1, 1, 1, 1, 1, 1, 1, 1, 1, 1, 1, 1, 1, 1, 1,
       1, 1, 1, 1, 1, 1, 1, 1, 1, 1, 1, 1, 1, 1, 1, 1, 1, 1, 1, 1, 1, 1,
       1, 1, 1, 1, 1, 1, 1, 1, 1, 1, 1, 1], dtype=int64), 'groundtruth_boxes': array([[ 232.,    4.,  375.,  572.],
       [ 234.,  654.,  357.,  895.],
       [ 268.,  925.,  330., 1000.],
       [ 478.,   50.,  595.,  236.],
       [ 457.,  297.,  600.,  912.]], dtype=float32), 'groundtruth_classes': array([1, 1, 1, 1, 1], dtype=int64), 'groundtruth_area': array([], dtype=float32), 'groundtruth_is_crowd': array([], dtype=bool), 'groundtruth_difficult': array([], dtype=int64), 'groundtruth_group_of': array([], dtype=int64)}
image_id  set()
tp_fp_labels[i]_object_detection_evaluation=  [1. 1. 1. 0. 0.]
scores[i]_object_detection_evaluation=  [0.96258998 0.93600065 0.87426859 0.45260373 0.39129537]
pricision.object_detection_evaluation = [1.   1.   1.   0.75 0.6 ]
recall.object_detection_evaluation = [0.2 0.4 0.6 0.6 0.6]
AP.metrics = 0.6
_process_batch_result_dict.evaluator=  {'original_image': array([[[[205, 215, 224],
         [211, 221, 230],
         [209, 220, 226],
         ...,
         [ 83, 104,  87],
         [112, 134, 113],
         [138, 157, 135]],

        [[203, 213, 222],
         [203, 214, 220],
         [202, 213, 219],
         ...,
         [ 85, 103,  87],
         [127, 146, 126],
         [151, 170, 148]],

        [[203, 216, 222],
         [197, 208, 214],
         [197, 208, 214],
         ...,
         [ 96, 115,  96],
         [148, 167, 145],
         [165, 185, 160]],

        ...,

        [[191, 213, 201],
         [173, 195, 183],
         [162, 185, 175],
         ...,
         [ 40,  86,  76],
         [ 42,  88,  78],
         [ 45,  92,  82]],

        [[179, 199, 190],
         [166, 187, 180],
         [165, 186, 179],
         ...,
         [ 39,  87,  75],
         [ 44,  92,  78],
         [ 39,  87,  73]],

        [[173, 192, 186],
         [170, 191, 186],
         [176, 197, 192],
         ...,
         [ 62, 110,  96],
         [ 88, 136, 120],
         [100, 151, 134]]]], dtype=uint8), 'key': b'DJI_0227_02_02.png', 'detection_boxes': array([[228.66345,   0.     , 375.3252 , 590.34344],
       [227.46759, 650.8542 , 361.9337 , 966.029  ],
       [463.04926,  52.45972, 603.00525, 899.33246],
       [469.00443,  56.02974, 604.76685, 546.8073 ],
       [462.8315 , 943.84033, 564.98346, 999.5716 ],
       [463.4994 , 814.55853, 578.0184 , 905.2132 ],
       [454.57346, 363.2594 , 601.38574, 870.8625 ],
       [  0.     ,   0.     ,   0.     ,   0.     ],
       [  0.     ,   0.     ,   0.     ,   0.     ],
       [  0.     ,   0.     ,   0.     ,   0.     ],
       [  0.     ,   0.     ,   0.     ,   0.     ],
       [  0.     ,   0.     ,   0.     ,   0.     ],
       [  0.     ,   0.     ,   0.     ,   0.     ],
       [  0.     ,   0.     ,   0.     ,   0.     ],
       [  0.     ,   0.     ,   0.     ,   0.     ],
       [  0.     ,   0.     ,   0.     ,   0.     ],
       [  0.     ,   0.     ,   0.     ,   0.     ],
       [  0.     ,   0.     ,   0.     ,   0.     ],
       [  0.     ,   0.     ,   0.     ,   0.     ],
       [  0.     ,   0.     ,   0.     ,   0.     ],
       [  0.     ,   0.     ,   0.     ,   0.     ],
       [  0.     ,   0.     ,   0.     ,   0.     ],
       [  0.     ,   0.     ,   0.     ,   0.     ],
       [  0.     ,   0.     ,   0.     ,   0.     ],
       [  0.     ,   0.     ,   0.     ,   0.     ],
       [  0.     ,   0.     ,   0.     ,   0.     ],
       [  0.     ,   0.     ,   0.     ,   0.     ],
       [  0.     ,   0.     ,   0.     ,   0.     ],
       [  0.     ,   0.     ,   0.     ,   0.     ],
       [  0.     ,   0.     ,   0.     ,   0.     ],
       [  0.     ,   0.     ,   0.     ,   0.     ],
       [  0.     ,   0.     ,   0.     ,   0.     ],
       [  0.     ,   0.     ,   0.     ,   0.     ],
       [  0.     ,   0.     ,   0.     ,   0.     ],
       [  0.     ,   0.     ,   0.     ,   0.     ],
       [  0.     ,   0.     ,   0.     ,   0.     ],
       [  0.     ,   0.     ,   0.     ,   0.     ],
       [  0.     ,   0.     ,   0.     ,   0.     ],
       [  0.     ,   0.     ,   0.     ,   0.     ],
       [  0.     ,   0.     ,   0.     ,   0.     ],
       [  0.     ,   0.     ,   0.     ,   0.     ],
       [  0.     ,   0.     ,   0.     ,   0.     ],
       [  0.     ,   0.     ,   0.     ,   0.     ],
       [  0.     ,   0.     ,   0.     ,   0.     ],
       [  0.     ,   0.     ,   0.     ,   0.     ],
       [  0.     ,   0.     ,   0.     ,   0.     ],
       [  0.     ,   0.     ,   0.     ,   0.     ],
       [  0.     ,   0.     ,   0.     ,   0.     ],
       [  0.     ,   0.     ,   0.     ,   0.     ],
       [  0.     ,   0.     ,   0.     ,   0.     ],
       [  0.     ,   0.     ,   0.     ,   0.     ],
       [  0.     ,   0.     ,   0.     ,   0.     ],
       [  0.     ,   0.     ,   0.     ,   0.     ],
       [  0.     ,   0.     ,   0.     ,   0.     ],
       [  0.     ,   0.     ,   0.     ,   0.     ],
       [  0.     ,   0.     ,   0.     ,   0.     ],
       [  0.     ,   0.     ,   0.     ,   0.     ],
       [  0.     ,   0.     ,   0.     ,   0.     ],
       [  0.     ,   0.     ,   0.     ,   0.     ],
       [  0.     ,   0.     ,   0.     ,   0.     ],
       [  0.     ,   0.     ,   0.     ,   0.     ],
       [  0.     ,   0.     ,   0.     ,   0.     ],
       [  0.     ,   0.     ,   0.     ,   0.     ],
       [  0.     ,   0.     ,   0.     ,   0.     ],
       [  0.     ,   0.     ,   0.     ,   0.     ],
       [  0.     ,   0.     ,   0.     ,   0.     ],
       [  0.     ,   0.     ,   0.     ,   0.     ],
       [  0.     ,   0.     ,   0.     ,   0.     ],
       [  0.     ,   0.     ,   0.     ,   0.     ],
       [  0.     ,   0.     ,   0.     ,   0.     ],
       [  0.     ,   0.     ,   0.     ,   0.     ],
       [  0.     ,   0.     ,   0.     ,   0.     ],
       [  0.     ,   0.     ,   0.     ,   0.     ],
       [  0.     ,   0.     ,   0.     ,   0.     ],
       [  0.     ,   0.     ,   0.     ,   0.     ],
       [  0.     ,   0.     ,   0.     ,   0.     ],
       [  0.     ,   0.     ,   0.     ,   0.     ],
       [  0.     ,   0.     ,   0.     ,   0.     ],
       [  0.     ,   0.     ,   0.     ,   0.     ],
       [  0.     ,   0.     ,   0.     ,   0.     ],
       [  0.     ,   0.     ,   0.     ,   0.     ],
       [  0.     ,   0.     ,   0.     ,   0.     ],
       [  0.     ,   0.     ,   0.     ,   0.     ],
       [  0.     ,   0.     ,   0.     ,   0.     ],
       [  0.     ,   0.     ,   0.     ,   0.     ],
       [  0.     ,   0.     ,   0.     ,   0.     ],
       [  0.     ,   0.     ,   0.     ,   0.     ],
       [  0.     ,   0.     ,   0.     ,   0.     ],
       [  0.     ,   0.     ,   0.     ,   0.     ],
       [  0.     ,   0.     ,   0.     ,   0.     ],
       [  0.     ,   0.     ,   0.     ,   0.     ],
       [  0.     ,   0.     ,   0.     ,   0.     ],
       [  0.     ,   0.     ,   0.     ,   0.     ],
       [  0.     ,   0.     ,   0.     ,   0.     ],
       [  0.     ,   0.     ,   0.     ,   0.     ],
       [  0.     ,   0.     ,   0.     ,   0.     ],
       [  0.     ,   0.     ,   0.     ,   0.     ],
       [  0.     ,   0.     ,   0.     ,   0.     ],
       [  0.     ,   0.     ,   0.     ,   0.     ],
       [  0.     ,   0.     ,   0.     ,   0.     ]], dtype=float32), 'detection_scores': array([0.96259   , 0.93600065, 0.8742686 , 0.6298283 , 0.45260373,
       0.39129537, 0.38351405, 0.        , 0.        , 0.        ,
       0.        , 0.        , 0.        , 0.        , 0.        ,
       0.        , 0.        , 0.        , 0.        , 0.        ,
       0.        , 0.        , 0.        , 0.        , 0.        ,
       0.        , 0.        , 0.        , 0.        , 0.        ,
       0.        , 0.        , 0.        , 0.        , 0.        ,
       0.        , 0.        , 0.        , 0.        , 0.        ,
       0.        , 0.        , 0.        , 0.        , 0.        ,
       0.        , 0.        , 0.        , 0.        , 0.        ,
       0.        , 0.        , 0.        , 0.        , 0.        ,
       0.        , 0.        , 0.        , 0.        , 0.        ,
       0.        , 0.        , 0.        , 0.        , 0.        ,
       0.        , 0.        , 0.        , 0.        , 0.        ,
       0.        , 0.        , 0.        , 0.        , 0.        ,
       0.        , 0.        , 0.        , 0.        , 0.        ,
       0.        , 0.        , 0.        , 0.        , 0.        ,
       0.        , 0.        , 0.        , 0.        , 0.        ,
       0.        , 0.        , 0.        , 0.        , 0.        ,
       0.        , 0.        , 0.        , 0.        , 0.        ],
      dtype=float32), 'detection_classes': array([1, 1, 1, 1, 1, 1, 1, 1, 1, 1, 1, 1, 1, 1, 1, 1, 1, 1, 1, 1, 1, 1,
       1, 1, 1, 1, 1, 1, 1, 1, 1, 1, 1, 1, 1, 1, 1, 1, 1, 1, 1, 1, 1, 1,
       1, 1, 1, 1, 1, 1, 1, 1, 1, 1, 1, 1, 1, 1, 1, 1, 1, 1, 1, 1, 1, 1,
       1, 1, 1, 1, 1, 1, 1, 1, 1, 1, 1, 1, 1, 1, 1, 1, 1, 1, 1, 1, 1, 1,
       1, 1, 1, 1, 1, 1, 1, 1, 1, 1, 1, 1], dtype=int64), 'groundtruth_boxes': array([[ 232.,    4.,  375.,  572.],
       [ 234.,  654.,  357.,  895.],
       [ 268.,  925.,  330., 1000.],
       [ 478.,   50.,  595.,  236.],
       [ 457.,  297.,  600.,  912.]], dtype=float32), 'groundtruth_classes': array([1, 1, 1, 1, 1], dtype=int64), 'groundtruth_area': array([], dtype=float32), 'groundtruth_is_crowd': array([], dtype=bool), 'groundtruth_difficult': array([], dtype=int64), 'groundtruth_group_of': array([], dtype=int64)}
image_id  set()
tp_fp_labels[i]_object_detection_evaluation=  [1. 1. 1. 1. 0. 0. 0.]
scores[i]_object_detection_evaluation=  [0.96258998 0.93600065 0.87426859 0.62982827 0.45260373 0.39129537
 0.38351405]
pricision.object_detection_evaluation = [1.         1.         1.         1.         0.8        0.66666667
 0.57142857]
recall.object_detection_evaluation = [0.2 0.4 0.6 0.8 0.8 0.8 0.8]
AP.metrics = 0.8
_process_batch_result_dict.evaluator=  {'original_image': array([[[[205, 215, 224],
         [211, 221, 230],
         [209, 220, 226],
         ...,
         [ 83, 104,  87],
         [112, 134, 113],
         [138, 157, 135]],

        [[203, 213, 222],
         [203, 214, 220],
         [202, 213, 219],
         ...,
         [ 85, 103,  87],
         [127, 146, 126],
         [151, 170, 148]],

        [[203, 216, 222],
         [197, 208, 214],
         [197, 208, 214],
         ...,
         [ 96, 115,  96],
         [148, 167, 145],
         [165, 185, 160]],

        ...,

        [[191, 213, 201],
         [173, 195, 183],
         [162, 185, 175],
         ...,
         [ 40,  86,  76],
         [ 42,  88,  78],
         [ 45,  92,  82]],

        [[179, 199, 190],
         [166, 187, 180],
         [165, 186, 179],
         ...,
         [ 39,  87,  75],
         [ 44,  92,  78],
         [ 39,  87,  73]],

        [[173, 192, 186],
         [170, 191, 186],
         [176, 197, 192],
         ...,
         [ 62, 110,  96],
         [ 88, 136, 120],
         [100, 151, 134]]]], dtype=uint8), 'key': b'DJI_0227_02_02.png', 'detection_boxes': array([[228.66345,   0.     , 375.3252 , 590.34344],
       [227.46759, 650.8542 , 361.9337 , 966.029  ],
       [463.04926,  52.45972, 603.00525, 899.33246],
       [469.00443,  56.02974, 604.76685, 546.8073 ],
       [462.8315 , 943.84033, 564.98346, 999.5716 ],
       [463.4994 , 814.55853, 578.0184 , 905.2132 ],
       [454.57346, 363.2594 , 601.38574, 870.8625 ],
       [  0.     ,   0.     ,   0.     ,   0.     ],
       [  0.     ,   0.     ,   0.     ,   0.     ],
       [  0.     ,   0.     ,   0.     ,   0.     ],
       [  0.     ,   0.     ,   0.     ,   0.     ],
       [  0.     ,   0.     ,   0.     ,   0.     ],
       [  0.     ,   0.     ,   0.     ,   0.     ],
       [  0.     ,   0.     ,   0.     ,   0.     ],
       [  0.     ,   0.     ,   0.     ,   0.     ],
       [  0.     ,   0.     ,   0.     ,   0.     ],
       [  0.     ,   0.     ,   0.     ,   0.     ],
       [  0.     ,   0.     ,   0.     ,   0.     ],
       [  0.     ,   0.     ,   0.     ,   0.     ],
       [  0.     ,   0.     ,   0.     ,   0.     ],
       [  0.     ,   0.     ,   0.     ,   0.     ],
       [  0.     ,   0.     ,   0.     ,   0.     ],
       [  0.     ,   0.     ,   0.     ,   0.     ],
       [  0.     ,   0.     ,   0.     ,   0.     ],
       [  0.     ,   0.     ,   0.     ,   0.     ],
       [  0.     ,   0.     ,   0.     ,   0.     ],
       [  0.     ,   0.     ,   0.     ,   0.     ],
       [  0.     ,   0.     ,   0.     ,   0.     ],
       [  0.     ,   0.     ,   0.     ,   0.     ],
       [  0.     ,   0.     ,   0.     ,   0.     ],
       [  0.     ,   0.     ,   0.     ,   0.     ],
       [  0.     ,   0.     ,   0.     ,   0.     ],
       [  0.     ,   0.     ,   0.     ,   0.     ],
       [  0.     ,   0.     ,   0.     ,   0.     ],
       [  0.     ,   0.     ,   0.     ,   0.     ],
       [  0.     ,   0.     ,   0.     ,   0.     ],
       [  0.     ,   0.     ,   0.     ,   0.     ],
       [  0.     ,   0.     ,   0.     ,   0.     ],
       [  0.     ,   0.     ,   0.     ,   0.     ],
       [  0.     ,   0.     ,   0.     ,   0.     ],
       [  0.     ,   0.     ,   0.     ,   0.     ],
       [  0.     ,   0.     ,   0.     ,   0.     ],
       [  0.     ,   0.     ,   0.     ,   0.     ],
       [  0.     ,   0.     ,   0.     ,   0.     ],
       [  0.     ,   0.     ,   0.     ,   0.     ],
       [  0.     ,   0.     ,   0.     ,   0.     ],
       [  0.     ,   0.     ,   0.     ,   0.     ],
       [  0.     ,   0.     ,   0.     ,   0.     ],
       [  0.     ,   0.     ,   0.     ,   0.     ],
       [  0.     ,   0.     ,   0.     ,   0.     ],
       [  0.     ,   0.     ,   0.     ,   0.     ],
       [  0.     ,   0.     ,   0.     ,   0.     ],
       [  0.     ,   0.     ,   0.     ,   0.     ],
       [  0.     ,   0.     ,   0.     ,   0.     ],
       [  0.     ,   0.     ,   0.     ,   0.     ],
       [  0.     ,   0.     ,   0.     ,   0.     ],
       [  0.     ,   0.     ,   0.     ,   0.     ],
       [  0.     ,   0.     ,   0.     ,   0.     ],
       [  0.     ,   0.     ,   0.     ,   0.     ],
       [  0.     ,   0.     ,   0.     ,   0.     ],
       [  0.     ,   0.     ,   0.     ,   0.     ],
       [  0.     ,   0.     ,   0.     ,   0.     ],
       [  0.     ,   0.     ,   0.     ,   0.     ],
       [  0.     ,   0.     ,   0.     ,   0.     ],
       [  0.     ,   0.     ,   0.     ,   0.     ],
       [  0.     ,   0.     ,   0.     ,   0.     ],
       [  0.     ,   0.     ,   0.     ,   0.     ],
       [  0.     ,   0.     ,   0.     ,   0.     ],
       [  0.     ,   0.     ,   0.     ,   0.     ],
       [  0.     ,   0.     ,   0.     ,   0.     ],
       [  0.     ,   0.     ,   0.     ,   0.     ],
       [  0.     ,   0.     ,   0.     ,   0.     ],
       [  0.     ,   0.     ,   0.     ,   0.     ],
       [  0.     ,   0.     ,   0.     ,   0.     ],
       [  0.     ,   0.     ,   0.     ,   0.     ],
       [  0.     ,   0.     ,   0.     ,   0.     ],
       [  0.     ,   0.     ,   0.     ,   0.     ],
       [  0.     ,   0.     ,   0.     ,   0.     ],
       [  0.     ,   0.     ,   0.     ,   0.     ],
       [  0.     ,   0.     ,   0.     ,   0.     ],
       [  0.     ,   0.     ,   0.     ,   0.     ],
       [  0.     ,   0.     ,   0.     ,   0.     ],
       [  0.     ,   0.     ,   0.     ,   0.     ],
       [  0.     ,   0.     ,   0.     ,   0.     ],
       [  0.     ,   0.     ,   0.     ,   0.     ],
       [  0.     ,   0.     ,   0.     ,   0.     ],
       [  0.     ,   0.     ,   0.     ,   0.     ],
       [  0.     ,   0.     ,   0.     ,   0.     ],
       [  0.     ,   0.     ,   0.     ,   0.     ],
       [  0.     ,   0.     ,   0.     ,   0.     ],
       [  0.     ,   0.     ,   0.     ,   0.     ],
       [  0.     ,   0.     ,   0.     ,   0.     ],
       [  0.     ,   0.     ,   0.     ,   0.     ],
       [  0.     ,   0.     ,   0.     ,   0.     ],
       [  0.     ,   0.     ,   0.     ,   0.     ],
       [  0.     ,   0.     ,   0.     ,   0.     ],
       [  0.     ,   0.     ,   0.     ,   0.     ],
       [  0.     ,   0.     ,   0.     ,   0.     ],
       [  0.     ,   0.     ,   0.     ,   0.     ],
       [  0.     ,   0.     ,   0.     ,   0.     ]], dtype=float32), 'detection_scores': array([0.96259   , 0.93600065, 0.8742686 , 0.6298283 , 0.45260373,
       0.39129537, 0.38351405, 0.        , 0.        , 0.        ,
       0.        , 0.        , 0.        , 0.        , 0.        ,
       0.        , 0.        , 0.        , 0.        , 0.        ,
       0.        , 0.        , 0.        , 0.        , 0.        ,
       0.        , 0.        , 0.        , 0.        , 0.        ,
       0.        , 0.        , 0.        , 0.        , 0.        ,
       0.        , 0.        , 0.        , 0.        , 0.        ,
       0.        , 0.        , 0.        , 0.        , 0.        ,
       0.        , 0.        , 0.        , 0.        , 0.        ,
       0.        , 0.        , 0.        , 0.        , 0.        ,
       0.        , 0.        , 0.        , 0.        , 0.        ,
       0.        , 0.        , 0.        , 0.        , 0.        ,
       0.        , 0.        , 0.        , 0.        , 0.        ,
       0.        , 0.        , 0.        , 0.        , 0.        ,
       0.        , 0.        , 0.        , 0.        , 0.        ,
       0.        , 0.        , 0.        , 0.        , 0.        ,
       0.        , 0.        , 0.        , 0.        , 0.        ,
       0.        , 0.        , 0.        , 0.        , 0.        ,
       0.        , 0.        , 0.        , 0.        , 0.        ],
      dtype=float32), 'detection_classes': array([1, 1, 1, 1, 1, 1, 1, 1, 1, 1, 1, 1, 1, 1, 1, 1, 1, 1, 1, 1, 1, 1,
       1, 1, 1, 1, 1, 1, 1, 1, 1, 1, 1, 1, 1, 1, 1, 1, 1, 1, 1, 1, 1, 1,
       1, 1, 1, 1, 1, 1, 1, 1, 1, 1, 1, 1, 1, 1, 1, 1, 1, 1, 1, 1, 1, 1,
       1, 1, 1, 1, 1, 1, 1, 1, 1, 1, 1, 1, 1, 1, 1, 1, 1, 1, 1, 1, 1, 1,
       1, 1, 1, 1, 1, 1, 1, 1, 1, 1, 1, 1], dtype=int64), 'groundtruth_boxes': array([[ 232.,    4.,  375.,  572.],
       [ 234.,  654.,  357.,  895.],
       [ 268.,  925.,  330., 1000.],
       [ 478.,   50.,  595.,  236.],
       [ 457.,  297.,  600.,  912.]], dtype=float32), 'groundtruth_classes': array([1, 1, 1, 1, 1], dtype=int64), 'groundtruth_area': array([], dtype=float32), 'groundtruth_is_crowd': array([], dtype=bool), 'groundtruth_difficult': array([], dtype=int64), 'groundtruth_group_of': array([], dtype=int64)}
image_id  set()
tp_fp_labels[i]_object_detection_evaluation=  [1. 1. 1. 1. 0. 0. 0.]
scores[i]_object_detection_evaluation=  [0.96258998 0.93600065 0.87426859 0.62982827 0.45260373 0.39129537
 0.38351405]
pricision.object_detection_evaluation = [1.         1.         1.         1.         0.8        0.66666667
 0.57142857]
recall.object_detection_evaluation = [0.2 0.4 0.6 0.8 0.8 0.8 0.8]
AP.metrics = 0.8
_process_batch_result_dict.evaluator=  {'original_image': array([[[[205, 215, 224],
         [211, 221, 230],
         [209, 220, 226],
         ...,
         [ 83, 104,  87],
         [112, 134, 113],
         [138, 157, 135]],

        [[203, 213, 222],
         [203, 214, 220],
         [202, 213, 219],
         ...,
         [ 85, 103,  87],
         [127, 146, 126],
         [151, 170, 148]],

        [[203, 216, 222],
         [197, 208, 214],
         [197, 208, 214],
         ...,
         [ 96, 115,  96],
         [148, 167, 145],
         [165, 185, 160]],

        ...,

        [[191, 213, 201],
         [173, 195, 183],
         [162, 185, 175],
         ...,
         [ 40,  86,  76],
         [ 42,  88,  78],
         [ 45,  92,  82]],

        [[179, 199, 190],
         [166, 187, 180],
         [165, 186, 179],
         ...,
         [ 39,  87,  75],
         [ 44,  92,  78],
         [ 39,  87,  73]],

        [[173, 192, 186],
         [170, 191, 186],
         [176, 197, 192],
         ...,
         [ 62, 110,  96],
         [ 88, 136, 120],
         [100, 151, 134]]]], dtype=uint8), 'key': b'DJI_0227_02_02.png', 'detection_boxes': array([[228.66345,   0.     , 375.3252 , 590.34344],
       [227.46759, 650.8542 , 361.9337 , 966.029  ],
       [463.04926,  52.45972, 603.00525, 899.33246],
       [469.00443,  56.02974, 604.76685, 546.8073 ],
       [462.8315 , 943.84033, 564.98346, 999.5716 ],
       [463.4994 , 814.55853, 578.0184 , 905.2132 ],
       [454.57346, 363.2594 , 601.38574, 870.8625 ],
       [  0.     ,   0.     ,   0.     ,   0.     ],
       [  0.     ,   0.     ,   0.     ,   0.     ],
       [  0.     ,   0.     ,   0.     ,   0.     ],
       [  0.     ,   0.     ,   0.     ,   0.     ],
       [  0.     ,   0.     ,   0.     ,   0.     ],
       [  0.     ,   0.     ,   0.     ,   0.     ],
       [  0.     ,   0.     ,   0.     ,   0.     ],
       [  0.     ,   0.     ,   0.     ,   0.     ],
       [  0.     ,   0.     ,   0.     ,   0.     ],
       [  0.     ,   0.     ,   0.     ,   0.     ],
       [  0.     ,   0.     ,   0.     ,   0.     ],
       [  0.     ,   0.     ,   0.     ,   0.     ],
       [  0.     ,   0.     ,   0.     ,   0.     ],
       [  0.     ,   0.     ,   0.     ,   0.     ],
       [  0.     ,   0.     ,   0.     ,   0.     ],
       [  0.     ,   0.     ,   0.     ,   0.     ],
       [  0.     ,   0.     ,   0.     ,   0.     ],
       [  0.     ,   0.     ,   0.     ,   0.     ],
       [  0.     ,   0.     ,   0.     ,   0.     ],
       [  0.     ,   0.     ,   0.     ,   0.     ],
       [  0.     ,   0.     ,   0.     ,   0.     ],
       [  0.     ,   0.     ,   0.     ,   0.     ],
       [  0.     ,   0.     ,   0.     ,   0.     ],
       [  0.     ,   0.     ,   0.     ,   0.     ],
       [  0.     ,   0.     ,   0.     ,   0.     ],
       [  0.     ,   0.     ,   0.     ,   0.     ],
       [  0.     ,   0.     ,   0.     ,   0.     ],
       [  0.     ,   0.     ,   0.     ,   0.     ],
       [  0.     ,   0.     ,   0.     ,   0.     ],
       [  0.     ,   0.     ,   0.     ,   0.     ],
       [  0.     ,   0.     ,   0.     ,   0.     ],
       [  0.     ,   0.     ,   0.     ,   0.     ],
       [  0.     ,   0.     ,   0.     ,   0.     ],
       [  0.     ,   0.     ,   0.     ,   0.     ],
       [  0.     ,   0.     ,   0.     ,   0.     ],
       [  0.     ,   0.     ,   0.     ,   0.     ],
       [  0.     ,   0.     ,   0.     ,   0.     ],
       [  0.     ,   0.     ,   0.     ,   0.     ],
       [  0.     ,   0.     ,   0.     ,   0.     ],
       [  0.     ,   0.     ,   0.     ,   0.     ],
       [  0.     ,   0.     ,   0.     ,   0.     ],
       [  0.     ,   0.     ,   0.     ,   0.     ],
       [  0.     ,   0.     ,   0.     ,   0.     ],
       [  0.     ,   0.     ,   0.     ,   0.     ],
       [  0.     ,   0.     ,   0.     ,   0.     ],
       [  0.     ,   0.     ,   0.     ,   0.     ],
       [  0.     ,   0.     ,   0.     ,   0.     ],
       [  0.     ,   0.     ,   0.     ,   0.     ],
       [  0.     ,   0.     ,   0.     ,   0.     ],
       [  0.     ,   0.     ,   0.     ,   0.     ],
       [  0.     ,   0.     ,   0.     ,   0.     ],
       [  0.     ,   0.     ,   0.     ,   0.     ],
       [  0.     ,   0.     ,   0.     ,   0.     ],
       [  0.     ,   0.     ,   0.     ,   0.     ],
       [  0.     ,   0.     ,   0.     ,   0.     ],
       [  0.     ,   0.     ,   0.     ,   0.     ],
       [  0.     ,   0.     ,   0.     ,   0.     ],
       [  0.     ,   0.     ,   0.     ,   0.     ],
       [  0.     ,   0.     ,   0.     ,   0.     ],
       [  0.     ,   0.     ,   0.     ,   0.     ],
       [  0.     ,   0.     ,   0.     ,   0.     ],
       [  0.     ,   0.     ,   0.     ,   0.     ],
       [  0.     ,   0.     ,   0.     ,   0.     ],
       [  0.     ,   0.     ,   0.     ,   0.     ],
       [  0.     ,   0.     ,   0.     ,   0.     ],
       [  0.     ,   0.     ,   0.     ,   0.     ],
       [  0.     ,   0.     ,   0.     ,   0.     ],
       [  0.     ,   0.     ,   0.     ,   0.     ],
       [  0.     ,   0.     ,   0.     ,   0.     ],
       [  0.     ,   0.     ,   0.     ,   0.     ],
       [  0.     ,   0.     ,   0.     ,   0.     ],
       [  0.     ,   0.     ,   0.     ,   0.     ],
       [  0.     ,   0.     ,   0.     ,   0.     ],
       [  0.     ,   0.     ,   0.     ,   0.     ],
       [  0.     ,   0.     ,   0.     ,   0.     ],
       [  0.     ,   0.     ,   0.     ,   0.     ],
       [  0.     ,   0.     ,   0.     ,   0.     ],
       [  0.     ,   0.     ,   0.     ,   0.     ],
       [  0.     ,   0.     ,   0.     ,   0.     ],
       [  0.     ,   0.     ,   0.     ,   0.     ],
       [  0.     ,   0.     ,   0.     ,   0.     ],
       [  0.     ,   0.     ,   0.     ,   0.     ],
       [  0.     ,   0.     ,   0.     ,   0.     ],
       [  0.     ,   0.     ,   0.     ,   0.     ],
       [  0.     ,   0.     ,   0.     ,   0.     ],
       [  0.     ,   0.     ,   0.     ,   0.     ],
       [  0.     ,   0.     ,   0.     ,   0.     ],
       [  0.     ,   0.     ,   0.     ,   0.     ],
       [  0.     ,   0.     ,   0.     ,   0.     ],
       [  0.     ,   0.     ,   0.     ,   0.     ],
       [  0.     ,   0.     ,   0.     ,   0.     ],
       [  0.     ,   0.     ,   0.     ,   0.     ],
       [  0.     ,   0.     ,   0.     ,   0.     ]], dtype=float32), 'detection_scores': array([0.96259   , 0.93600065, 0.8742686 , 0.6298283 , 0.45260373,
       0.39129537, 0.38351405, 0.        , 0.        , 0.        ,
       0.        , 0.        , 0.        , 0.        , 0.        ,
       0.        , 0.        , 0.        , 0.        , 0.        ,
       0.        , 0.        , 0.        , 0.        , 0.        ,
       0.        , 0.        , 0.        , 0.        , 0.        ,
       0.        , 0.        , 0.        , 0.        , 0.        ,
       0.        , 0.        , 0.        , 0.        , 0.        ,
       0.        , 0.        , 0.        , 0.        , 0.        ,
       0.        , 0.        , 0.        , 0.        , 0.        ,
       0.        , 0.        , 0.        , 0.        , 0.        ,
       0.        , 0.        , 0.        , 0.        , 0.        ,
       0.        , 0.        , 0.        , 0.        , 0.        ,
       0.        , 0.        , 0.        , 0.        , 0.        ,
       0.        , 0.        , 0.        , 0.        , 0.        ,
       0.        , 0.        , 0.        , 0.        , 0.        ,
       0.        , 0.        , 0.        , 0.        , 0.        ,
       0.        , 0.        , 0.        , 0.        , 0.        ,
       0.        , 0.        , 0.        , 0.        , 0.        ,
       0.        , 0.        , 0.        , 0.        , 0.        ],
      dtype=float32), 'detection_classes': array([1, 1, 1, 1, 1, 1, 1, 1, 1, 1, 1, 1, 1, 1, 1, 1, 1, 1, 1, 1, 1, 1,
       1, 1, 1, 1, 1, 1, 1, 1, 1, 1, 1, 1, 1, 1, 1, 1, 1, 1, 1, 1, 1, 1,
       1, 1, 1, 1, 1, 1, 1, 1, 1, 1, 1, 1, 1, 1, 1, 1, 1, 1, 1, 1, 1, 1,
       1, 1, 1, 1, 1, 1, 1, 1, 1, 1, 1, 1, 1, 1, 1, 1, 1, 1, 1, 1, 1, 1,
       1, 1, 1, 1, 1, 1, 1, 1, 1, 1, 1, 1], dtype=int64), 'groundtruth_boxes': array([[ 232.,    4.,  375.,  572.],
       [ 234.,  654.,  357.,  895.],
       [ 268.,  925.,  330., 1000.],
       [ 478.,   50.,  595.,  236.],
       [ 457.,  297.,  600.,  912.]], dtype=float32), 'groundtruth_classes': array([1, 1, 1, 1, 1], dtype=int64), 'groundtruth_area': array([], dtype=float32), 'groundtruth_is_crowd': array([], dtype=bool), 'groundtruth_difficult': array([], dtype=int64), 'groundtruth_group_of': array([], dtype=int64)}
image_id  set()
tp_fp_labels[i]_object_detection_evaluation=  [1. 1. 1. 1. 0. 0. 0.]
scores[i]_object_detection_evaluation=  [0.96258998 0.93600065 0.87426859 0.62982827 0.45260373 0.39129537
 0.38351405]
pricision.object_detection_evaluation = [1.         1.         1.         1.         0.8        0.66666667
 0.57142857]
recall.object_detection_evaluation = [0.2 0.4 0.6 0.8 0.8 0.8 0.8]
AP.metrics = 0.8
_process_batch_result_dict.evaluator=  {'original_image': array([[[[205, 215, 224],
         [211, 221, 230],
         [209, 220, 226],
         ...,
         [ 83, 104,  87],
         [112, 134, 113],
         [138, 157, 135]],

        [[203, 213, 222],
         [203, 214, 220],
         [202, 213, 219],
         ...,
         [ 85, 103,  87],
         [127, 146, 126],
         [151, 170, 148]],

        [[203, 216, 222],
         [197, 208, 214],
         [197, 208, 214],
         ...,
         [ 96, 115,  96],
         [148, 167, 145],
         [165, 185, 160]],

        ...,

        [[191, 213, 201],
         [173, 195, 183],
         [162, 185, 175],
         ...,
         [ 40,  86,  76],
         [ 42,  88,  78],
         [ 45,  92,  82]],

        [[179, 199, 190],
         [166, 187, 180],
         [165, 186, 179],
         ...,
         [ 39,  87,  75],
         [ 44,  92,  78],
         [ 39,  87,  73]],

        [[173, 192, 186],
         [170, 191, 186],
         [176, 197, 192],
         ...,
         [ 62, 110,  96],
         [ 88, 136, 120],
         [100, 151, 134]]]], dtype=uint8), 'key': b'DJI_0227_02_02.png', 'detection_boxes': array([[228.66345,   0.     , 375.3252 , 590.34344],
       [227.46759, 650.8542 , 361.9337 , 966.029  ],
       [463.04926,  52.45972, 603.00525, 899.33246],
       [469.00443,  56.02974, 604.76685, 546.8073 ],
       [462.8315 , 943.84033, 564.98346, 999.5716 ],
       [463.4994 , 814.55853, 578.0184 , 905.2132 ],
       [454.57346, 363.2594 , 601.38574, 870.8625 ],
       [  0.     ,   0.     ,   0.     ,   0.     ],
       [  0.     ,   0.     ,   0.     ,   0.     ],
       [  0.     ,   0.     ,   0.     ,   0.     ],
       [  0.     ,   0.     ,   0.     ,   0.     ],
       [  0.     ,   0.     ,   0.     ,   0.     ],
       [  0.     ,   0.     ,   0.     ,   0.     ],
       [  0.     ,   0.     ,   0.     ,   0.     ],
       [  0.     ,   0.     ,   0.     ,   0.     ],
       [  0.     ,   0.     ,   0.     ,   0.     ],
       [  0.     ,   0.     ,   0.     ,   0.     ],
       [  0.     ,   0.     ,   0.     ,   0.     ],
       [  0.     ,   0.     ,   0.     ,   0.     ],
       [  0.     ,   0.     ,   0.     ,   0.     ],
       [  0.     ,   0.     ,   0.     ,   0.     ],
       [  0.     ,   0.     ,   0.     ,   0.     ],
       [  0.     ,   0.     ,   0.     ,   0.     ],
       [  0.     ,   0.     ,   0.     ,   0.     ],
       [  0.     ,   0.     ,   0.     ,   0.     ],
       [  0.     ,   0.     ,   0.     ,   0.     ],
       [  0.     ,   0.     ,   0.     ,   0.     ],
       [  0.     ,   0.     ,   0.     ,   0.     ],
       [  0.     ,   0.     ,   0.     ,   0.     ],
       [  0.     ,   0.     ,   0.     ,   0.     ],
       [  0.     ,   0.     ,   0.     ,   0.     ],
       [  0.     ,   0.     ,   0.     ,   0.     ],
       [  0.     ,   0.     ,   0.     ,   0.     ],
       [  0.     ,   0.     ,   0.     ,   0.     ],
       [  0.     ,   0.     ,   0.     ,   0.     ],
       [  0.     ,   0.     ,   0.     ,   0.     ],
       [  0.     ,   0.     ,   0.     ,   0.     ],
       [  0.     ,   0.     ,   0.     ,   0.     ],
       [  0.     ,   0.     ,   0.     ,   0.     ],
       [  0.     ,   0.     ,   0.     ,   0.     ],
       [  0.     ,   0.     ,   0.     ,   0.     ],
       [  0.     ,   0.     ,   0.     ,   0.     ],
       [  0.     ,   0.     ,   0.     ,   0.     ],
       [  0.     ,   0.     ,   0.     ,   0.     ],
       [  0.     ,   0.     ,   0.     ,   0.     ],
       [  0.     ,   0.     ,   0.     ,   0.     ],
       [  0.     ,   0.     ,   0.     ,   0.     ],
       [  0.     ,   0.     ,   0.     ,   0.     ],
       [  0.     ,   0.     ,   0.     ,   0.     ],
       [  0.     ,   0.     ,   0.     ,   0.     ],
       [  0.     ,   0.     ,   0.     ,   0.     ],
       [  0.     ,   0.     ,   0.     ,   0.     ],
       [  0.     ,   0.     ,   0.     ,   0.     ],
       [  0.     ,   0.     ,   0.     ,   0.     ],
       [  0.     ,   0.     ,   0.     ,   0.     ],
       [  0.     ,   0.     ,   0.     ,   0.     ],
       [  0.     ,   0.     ,   0.     ,   0.     ],
       [  0.     ,   0.     ,   0.     ,   0.     ],
       [  0.     ,   0.     ,   0.     ,   0.     ],
       [  0.     ,   0.     ,   0.     ,   0.     ],
       [  0.     ,   0.     ,   0.     ,   0.     ],
       [  0.     ,   0.     ,   0.     ,   0.     ],
       [  0.     ,   0.     ,   0.     ,   0.     ],
       [  0.     ,   0.     ,   0.     ,   0.     ],
       [  0.     ,   0.     ,   0.     ,   0.     ],
       [  0.     ,   0.     ,   0.     ,   0.     ],
       [  0.     ,   0.     ,   0.     ,   0.     ],
       [  0.     ,   0.     ,   0.     ,   0.     ],
       [  0.     ,   0.     ,   0.     ,   0.     ],
       [  0.     ,   0.     ,   0.     ,   0.     ],
       [  0.     ,   0.     ,   0.     ,   0.     ],
       [  0.     ,   0.     ,   0.     ,   0.     ],
       [  0.     ,   0.     ,   0.     ,   0.     ],
       [  0.     ,   0.     ,   0.     ,   0.     ],
       [  0.     ,   0.     ,   0.     ,   0.     ],
       [  0.     ,   0.     ,   0.     ,   0.     ],
       [  0.     ,   0.     ,   0.     ,   0.     ],
       [  0.     ,   0.     ,   0.     ,   0.     ],
       [  0.     ,   0.     ,   0.     ,   0.     ],
       [  0.     ,   0.     ,   0.     ,   0.     ],
       [  0.     ,   0.     ,   0.     ,   0.     ],
       [  0.     ,   0.     ,   0.     ,   0.     ],
       [  0.     ,   0.     ,   0.     ,   0.     ],
       [  0.     ,   0.     ,   0.     ,   0.     ],
       [  0.     ,   0.     ,   0.     ,   0.     ],
       [  0.     ,   0.     ,   0.     ,   0.     ],
       [  0.     ,   0.     ,   0.     ,   0.     ],
       [  0.     ,   0.     ,   0.     ,   0.     ],
       [  0.     ,   0.     ,   0.     ,   0.     ],
       [  0.     ,   0.     ,   0.     ,   0.     ],
       [  0.     ,   0.     ,   0.     ,   0.     ],
       [  0.     ,   0.     ,   0.     ,   0.     ],
       [  0.     ,   0.     ,   0.     ,   0.     ],
       [  0.     ,   0.     ,   0.     ,   0.     ],
       [  0.     ,   0.     ,   0.     ,   0.     ],
       [  0.     ,   0.     ,   0.     ,   0.     ],
       [  0.     ,   0.     ,   0.     ,   0.     ],
       [  0.     ,   0.     ,   0.     ,   0.     ],
       [  0.     ,   0.     ,   0.     ,   0.     ],
       [  0.     ,   0.     ,   0.     ,   0.     ]], dtype=float32), 'detection_scores': array([0.96259   , 0.93600065, 0.8742686 , 0.6298283 , 0.45260373,
       0.39129537, 0.38351405, 0.        , 0.        , 0.        ,
       0.        , 0.        , 0.        , 0.        , 0.        ,
       0.        , 0.        , 0.        , 0.        , 0.        ,
       0.        , 0.        , 0.        , 0.        , 0.        ,
       0.        , 0.        , 0.        , 0.        , 0.        ,
       0.        , 0.        , 0.        , 0.        , 0.        ,
       0.        , 0.        , 0.        , 0.        , 0.        ,
       0.        , 0.        , 0.        , 0.        , 0.        ,
       0.        , 0.        , 0.        , 0.        , 0.        ,
       0.        , 0.        , 0.        , 0.        , 0.        ,
       0.        , 0.        , 0.        , 0.        , 0.        ,
       0.        , 0.        , 0.        , 0.        , 0.        ,
       0.        , 0.        , 0.        , 0.        , 0.        ,
       0.        , 0.        , 0.        , 0.        , 0.        ,
       0.        , 0.        , 0.        , 0.        , 0.        ,
       0.        , 0.        , 0.        , 0.        , 0.        ,
       0.        , 0.        , 0.        , 0.        , 0.        ,
       0.        , 0.        , 0.        , 0.        , 0.        ,
       0.        , 0.        , 0.        , 0.        , 0.        ],
      dtype=float32), 'detection_classes': array([1, 1, 1, 1, 1, 1, 1, 1, 1, 1, 1, 1, 1, 1, 1, 1, 1, 1, 1, 1, 1, 1,
       1, 1, 1, 1, 1, 1, 1, 1, 1, 1, 1, 1, 1, 1, 1, 1, 1, 1, 1, 1, 1, 1,
       1, 1, 1, 1, 1, 1, 1, 1, 1, 1, 1, 1, 1, 1, 1, 1, 1, 1, 1, 1, 1, 1,
       1, 1, 1, 1, 1, 1, 1, 1, 1, 1, 1, 1, 1, 1, 1, 1, 1, 1, 1, 1, 1, 1,
       1, 1, 1, 1, 1, 1, 1, 1, 1, 1, 1, 1], dtype=int64), 'groundtruth_boxes': array([[ 232.,    4.,  375.,  572.],
       [ 234.,  654.,  357.,  895.],
       [ 268.,  925.,  330., 1000.],
       [ 478.,   50.,  595.,  236.],
       [ 457.,  297.,  600.,  912.]], dtype=float32), 'groundtruth_classes': array([1, 1, 1, 1, 1], dtype=int64), 'groundtruth_area': array([], dtype=float32), 'groundtruth_is_crowd': array([], dtype=bool), 'groundtruth_difficult': array([], dtype=int64), 'groundtruth_group_of': array([], dtype=int64)}
image_id  set()
tp_fp_labels[i]_object_detection_evaluation=  [1. 1. 1. 1. 0. 0. 0.]
scores[i]_object_detection_evaluation=  [0.96258998 0.93600065 0.87426859 0.62982827 0.45260373 0.39129537
 0.38351405]
pricision.object_detection_evaluation = [1.         1.         1.         1.         0.8        0.66666667
 0.57142857]
recall.object_detection_evaluation = [0.2 0.4 0.6 0.8 0.8 0.8 0.8]
AP.metrics = 0.8
_process_batch_result_dict.evaluator=  {'original_image': array([[[[205, 215, 224],
         [211, 221, 230],
         [209, 220, 226],
         ...,
         [ 83, 104,  87],
         [112, 134, 113],
         [138, 157, 135]],

        [[203, 213, 222],
         [203, 214, 220],
         [202, 213, 219],
         ...,
         [ 85, 103,  87],
         [127, 146, 126],
         [151, 170, 148]],

        [[203, 216, 222],
         [197, 208, 214],
         [197, 208, 214],
         ...,
         [ 96, 115,  96],
         [148, 167, 145],
         [165, 185, 160]],

        ...,

        [[191, 213, 201],
         [173, 195, 183],
         [162, 185, 175],
         ...,
         [ 40,  86,  76],
         [ 42,  88,  78],
         [ 45,  92,  82]],

        [[179, 199, 190],
         [166, 187, 180],
         [165, 186, 179],
         ...,
         [ 39,  87,  75],
         [ 44,  92,  78],
         [ 39,  87,  73]],

        [[173, 192, 186],
         [170, 191, 186],
         [176, 197, 192],
         ...,
         [ 62, 110,  96],
         [ 88, 136, 120],
         [100, 151, 134]]]], dtype=uint8), 'key': b'DJI_0227_02_02.png', 'detection_boxes': array([[228.66345,   0.     , 375.3252 , 590.34344],
       [227.46759, 650.8542 , 361.9337 , 966.029  ],
       [463.04926,  52.45972, 603.00525, 899.33246],
       [469.00443,  56.02974, 604.76685, 546.8073 ],
       [462.8315 , 943.84033, 564.98346, 999.5716 ],
       [463.4994 , 814.55853, 578.0184 , 905.2132 ],
       [454.57346, 363.2594 , 601.38574, 870.8625 ],
       [  0.     ,   0.     ,   0.     ,   0.     ],
       [  0.     ,   0.     ,   0.     ,   0.     ],
       [  0.     ,   0.     ,   0.     ,   0.     ],
       [  0.     ,   0.     ,   0.     ,   0.     ],
       [  0.     ,   0.     ,   0.     ,   0.     ],
       [  0.     ,   0.     ,   0.     ,   0.     ],
       [  0.     ,   0.     ,   0.     ,   0.     ],
       [  0.     ,   0.     ,   0.     ,   0.     ],
       [  0.     ,   0.     ,   0.     ,   0.     ],
       [  0.     ,   0.     ,   0.     ,   0.     ],
       [  0.     ,   0.     ,   0.     ,   0.     ],
       [  0.     ,   0.     ,   0.     ,   0.     ],
       [  0.     ,   0.     ,   0.     ,   0.     ],
       [  0.     ,   0.     ,   0.     ,   0.     ],
       [  0.     ,   0.     ,   0.     ,   0.     ],
       [  0.     ,   0.     ,   0.     ,   0.     ],
       [  0.     ,   0.     ,   0.     ,   0.     ],
       [  0.     ,   0.     ,   0.     ,   0.     ],
       [  0.     ,   0.     ,   0.     ,   0.     ],
       [  0.     ,   0.     ,   0.     ,   0.     ],
       [  0.     ,   0.     ,   0.     ,   0.     ],
       [  0.     ,   0.     ,   0.     ,   0.     ],
       [  0.     ,   0.     ,   0.     ,   0.     ],
       [  0.     ,   0.     ,   0.     ,   0.     ],
       [  0.     ,   0.     ,   0.     ,   0.     ],
       [  0.     ,   0.     ,   0.     ,   0.     ],
       [  0.     ,   0.     ,   0.     ,   0.     ],
       [  0.     ,   0.     ,   0.     ,   0.     ],
       [  0.     ,   0.     ,   0.     ,   0.     ],
       [  0.     ,   0.     ,   0.     ,   0.     ],
       [  0.     ,   0.     ,   0.     ,   0.     ],
       [  0.     ,   0.     ,   0.     ,   0.     ],
       [  0.     ,   0.     ,   0.     ,   0.     ],
       [  0.     ,   0.     ,   0.     ,   0.     ],
       [  0.     ,   0.     ,   0.     ,   0.     ],
       [  0.     ,   0.     ,   0.     ,   0.     ],
       [  0.     ,   0.     ,   0.     ,   0.     ],
       [  0.     ,   0.     ,   0.     ,   0.     ],
       [  0.     ,   0.     ,   0.     ,   0.     ],
       [  0.     ,   0.     ,   0.     ,   0.     ],
       [  0.     ,   0.     ,   0.     ,   0.     ],
       [  0.     ,   0.     ,   0.     ,   0.     ],
       [  0.     ,   0.     ,   0.     ,   0.     ],
       [  0.     ,   0.     ,   0.     ,   0.     ],
       [  0.     ,   0.     ,   0.     ,   0.     ],
       [  0.     ,   0.     ,   0.     ,   0.     ],
       [  0.     ,   0.     ,   0.     ,   0.     ],
       [  0.     ,   0.     ,   0.     ,   0.     ],
       [  0.     ,   0.     ,   0.     ,   0.     ],
       [  0.     ,   0.     ,   0.     ,   0.     ],
       [  0.     ,   0.     ,   0.     ,   0.     ],
       [  0.     ,   0.     ,   0.     ,   0.     ],
       [  0.     ,   0.     ,   0.     ,   0.     ],
       [  0.     ,   0.     ,   0.     ,   0.     ],
       [  0.     ,   0.     ,   0.     ,   0.     ],
       [  0.     ,   0.     ,   0.     ,   0.     ],
       [  0.     ,   0.     ,   0.     ,   0.     ],
       [  0.     ,   0.     ,   0.     ,   0.     ],
       [  0.     ,   0.     ,   0.     ,   0.     ],
       [  0.     ,   0.     ,   0.     ,   0.     ],
       [  0.     ,   0.     ,   0.     ,   0.     ],
       [  0.     ,   0.     ,   0.     ,   0.     ],
       [  0.     ,   0.     ,   0.     ,   0.     ],
       [  0.     ,   0.     ,   0.     ,   0.     ],
       [  0.     ,   0.     ,   0.     ,   0.     ],
       [  0.     ,   0.     ,   0.     ,   0.     ],
       [  0.     ,   0.     ,   0.     ,   0.     ],
       [  0.     ,   0.     ,   0.     ,   0.     ],
       [  0.     ,   0.     ,   0.     ,   0.     ],
       [  0.     ,   0.     ,   0.     ,   0.     ],
       [  0.     ,   0.     ,   0.     ,   0.     ],
       [  0.     ,   0.     ,   0.     ,   0.     ],
       [  0.     ,   0.     ,   0.     ,   0.     ],
       [  0.     ,   0.     ,   0.     ,   0.     ],
       [  0.     ,   0.     ,   0.     ,   0.     ],
       [  0.     ,   0.     ,   0.     ,   0.     ],
       [  0.     ,   0.     ,   0.     ,   0.     ],
       [  0.     ,   0.     ,   0.     ,   0.     ],
       [  0.     ,   0.     ,   0.     ,   0.     ],
       [  0.     ,   0.     ,   0.     ,   0.     ],
       [  0.     ,   0.     ,   0.     ,   0.     ],
       [  0.     ,   0.     ,   0.     ,   0.     ],
       [  0.     ,   0.     ,   0.     ,   0.     ],
       [  0.     ,   0.     ,   0.     ,   0.     ],
       [  0.     ,   0.     ,   0.     ,   0.     ],
       [  0.     ,   0.     ,   0.     ,   0.     ],
       [  0.     ,   0.     ,   0.     ,   0.     ],
       [  0.     ,   0.     ,   0.     ,   0.     ],
       [  0.     ,   0.     ,   0.     ,   0.     ],
       [  0.     ,   0.     ,   0.     ,   0.     ],
       [  0.     ,   0.     ,   0.     ,   0.     ],
       [  0.     ,   0.     ,   0.     ,   0.     ],
       [  0.     ,   0.     ,   0.     ,   0.     ]], dtype=float32), 'detection_scores': array([0.96259   , 0.93600065, 0.8742686 , 0.6298283 , 0.45260373,
       0.39129537, 0.38351405, 0.        , 0.        , 0.        ,
       0.        , 0.        , 0.        , 0.        , 0.        ,
       0.        , 0.        , 0.        , 0.        , 0.        ,
       0.        , 0.        , 0.        , 0.        , 0.        ,
       0.        , 0.        , 0.        , 0.        , 0.        ,
       0.        , 0.        , 0.        , 0.        , 0.        ,
       0.        , 0.        , 0.        , 0.        , 0.        ,
       0.        , 0.        , 0.        , 0.        , 0.        ,
       0.        , 0.        , 0.        , 0.        , 0.        ,
       0.        , 0.        , 0.        , 0.        , 0.        ,
       0.        , 0.        , 0.        , 0.        , 0.        ,
       0.        , 0.        , 0.        , 0.        , 0.        ,
       0.        , 0.        , 0.        , 0.        , 0.        ,
       0.        , 0.        , 0.        , 0.        , 0.        ,
       0.        , 0.        , 0.        , 0.        , 0.        ,
       0.        , 0.        , 0.        , 0.        , 0.        ,
       0.        , 0.        , 0.        , 0.        , 0.        ,
       0.        , 0.        , 0.        , 0.        , 0.        ,
       0.        , 0.        , 0.        , 0.        , 0.        ],
      dtype=float32), 'detection_classes': array([1, 1, 1, 1, 1, 1, 1, 1, 1, 1, 1, 1, 1, 1, 1, 1, 1, 1, 1, 1, 1, 1,
       1, 1, 1, 1, 1, 1, 1, 1, 1, 1, 1, 1, 1, 1, 1, 1, 1, 1, 1, 1, 1, 1,
       1, 1, 1, 1, 1, 1, 1, 1, 1, 1, 1, 1, 1, 1, 1, 1, 1, 1, 1, 1, 1, 1,
       1, 1, 1, 1, 1, 1, 1, 1, 1, 1, 1, 1, 1, 1, 1, 1, 1, 1, 1, 1, 1, 1,
       1, 1, 1, 1, 1, 1, 1, 1, 1, 1, 1, 1], dtype=int64), 'groundtruth_boxes': array([[ 232.,    4.,  375.,  572.],
       [ 234.,  654.,  357.,  895.],
       [ 268.,  925.,  330., 1000.],
       [ 478.,   50.,  595.,  236.],
       [ 457.,  297.,  600.,  912.]], dtype=float32), 'groundtruth_classes': array([1, 1, 1, 1, 1], dtype=int64), 'groundtruth_area': array([], dtype=float32), 'groundtruth_is_crowd': array([], dtype=bool), 'groundtruth_difficult': array([], dtype=int64), 'groundtruth_group_of': array([], dtype=int64)}
image_id  set()
pricision.object_detection_evaluation = []
recall.object_detection_evaluation = []
_process_batch_result_dict.evaluator=  {'original_image': array([[[[205, 215, 224],
         [211, 221, 230],
         [209, 220, 226],
         ...,
         [ 83, 104,  87],
         [112, 134, 113],
         [138, 157, 135]],

        [[203, 213, 222],
         [203, 214, 220],
         [202, 213, 219],
         ...,
         [ 85, 103,  87],
         [127, 146, 126],
         [151, 170, 148]],

        [[203, 216, 222],
         [197, 208, 214],
         [197, 208, 214],
         ...,
         [ 96, 115,  96],
         [148, 167, 145],
         [165, 185, 160]],

        ...,

        [[191, 213, 201],
         [173, 195, 183],
         [162, 185, 175],
         ...,
         [ 40,  86,  76],
         [ 42,  88,  78],
         [ 45,  92,  82]],

        [[179, 199, 190],
         [166, 187, 180],
         [165, 186, 179],
         ...,
         [ 39,  87,  75],
         [ 44,  92,  78],
         [ 39,  87,  73]],

        [[173, 192, 186],
         [170, 191, 186],
         [176, 197, 192],
         ...,
         [ 62, 110,  96],
         [ 88, 136, 120],
         [100, 151, 134]]]], dtype=uint8), 'key': b'DJI_0227_02_02.png', 'detection_boxes': array([[228.66345,   0.     , 375.3252 , 590.34344],
       [227.46759, 650.8542 , 361.9337 , 966.029  ],
       [463.04926,  52.45972, 603.00525, 899.33246],
       [469.00443,  56.02974, 604.76685, 546.8073 ],
       [462.8315 , 943.84033, 564.98346, 999.5716 ],
       [463.4994 , 814.55853, 578.0184 , 905.2132 ],
       [454.57346, 363.2594 , 601.38574, 870.8625 ],
       [  0.     ,   0.     ,   0.     ,   0.     ],
       [  0.     ,   0.     ,   0.     ,   0.     ],
       [  0.     ,   0.     ,   0.     ,   0.     ],
       [  0.     ,   0.     ,   0.     ,   0.     ],
       [  0.     ,   0.     ,   0.     ,   0.     ],
       [  0.     ,   0.     ,   0.     ,   0.     ],
       [  0.     ,   0.     ,   0.     ,   0.     ],
       [  0.     ,   0.     ,   0.     ,   0.     ],
       [  0.     ,   0.     ,   0.     ,   0.     ],
       [  0.     ,   0.     ,   0.     ,   0.     ],
       [  0.     ,   0.     ,   0.     ,   0.     ],
       [  0.     ,   0.     ,   0.     ,   0.     ],
       [  0.     ,   0.     ,   0.     ,   0.     ],
       [  0.     ,   0.     ,   0.     ,   0.     ],
       [  0.     ,   0.     ,   0.     ,   0.     ],
       [  0.     ,   0.     ,   0.     ,   0.     ],
       [  0.     ,   0.     ,   0.     ,   0.     ],
       [  0.     ,   0.     ,   0.     ,   0.     ],
       [  0.     ,   0.     ,   0.     ,   0.     ],
       [  0.     ,   0.     ,   0.     ,   0.     ],
       [  0.     ,   0.     ,   0.     ,   0.     ],
       [  0.     ,   0.     ,   0.     ,   0.     ],
       [  0.     ,   0.     ,   0.     ,   0.     ],
       [  0.     ,   0.     ,   0.     ,   0.     ],
       [  0.     ,   0.     ,   0.     ,   0.     ],
       [  0.     ,   0.     ,   0.     ,   0.     ],
       [  0.     ,   0.     ,   0.     ,   0.     ],
       [  0.     ,   0.     ,   0.     ,   0.     ],
       [  0.     ,   0.     ,   0.     ,   0.     ],
       [  0.     ,   0.     ,   0.     ,   0.     ],
       [  0.     ,   0.     ,   0.     ,   0.     ],
       [  0.     ,   0.     ,   0.     ,   0.     ],
       [  0.     ,   0.     ,   0.     ,   0.     ],
       [  0.     ,   0.     ,   0.     ,   0.     ],
       [  0.     ,   0.     ,   0.     ,   0.     ],
       [  0.     ,   0.     ,   0.     ,   0.     ],
       [  0.     ,   0.     ,   0.     ,   0.     ],
       [  0.     ,   0.     ,   0.     ,   0.     ],
       [  0.     ,   0.     ,   0.     ,   0.     ],
       [  0.     ,   0.     ,   0.     ,   0.     ],
       [  0.     ,   0.     ,   0.     ,   0.     ],
       [  0.     ,   0.     ,   0.     ,   0.     ],
       [  0.     ,   0.     ,   0.     ,   0.     ],
       [  0.     ,   0.     ,   0.     ,   0.     ],
       [  0.     ,   0.     ,   0.     ,   0.     ],
       [  0.     ,   0.     ,   0.     ,   0.     ],
       [  0.     ,   0.     ,   0.     ,   0.     ],
       [  0.     ,   0.     ,   0.     ,   0.     ],
       [  0.     ,   0.     ,   0.     ,   0.     ],
       [  0.     ,   0.     ,   0.     ,   0.     ],
       [  0.     ,   0.     ,   0.     ,   0.     ],
       [  0.     ,   0.     ,   0.     ,   0.     ],
       [  0.     ,   0.     ,   0.     ,   0.     ],
       [  0.     ,   0.     ,   0.     ,   0.     ],
       [  0.     ,   0.     ,   0.     ,   0.     ],
       [  0.     ,   0.     ,   0.     ,   0.     ],
       [  0.     ,   0.     ,   0.     ,   0.     ],
       [  0.     ,   0.     ,   0.     ,   0.     ],
       [  0.     ,   0.     ,   0.     ,   0.     ],
       [  0.     ,   0.     ,   0.     ,   0.     ],
       [  0.     ,   0.     ,   0.     ,   0.     ],
       [  0.     ,   0.     ,   0.     ,   0.     ],
       [  0.     ,   0.     ,   0.     ,   0.     ],
       [  0.     ,   0.     ,   0.     ,   0.     ],
       [  0.     ,   0.     ,   0.     ,   0.     ],
       [  0.     ,   0.     ,   0.     ,   0.     ],
       [  0.     ,   0.     ,   0.     ,   0.     ],
       [  0.     ,   0.     ,   0.     ,   0.     ],
       [  0.     ,   0.     ,   0.     ,   0.     ],
       [  0.     ,   0.     ,   0.     ,   0.     ],
       [  0.     ,   0.     ,   0.     ,   0.     ],
       [  0.     ,   0.     ,   0.     ,   0.     ],
       [  0.     ,   0.     ,   0.     ,   0.     ],
       [  0.     ,   0.     ,   0.     ,   0.     ],
       [  0.     ,   0.     ,   0.     ,   0.     ],
       [  0.     ,   0.     ,   0.     ,   0.     ],
       [  0.     ,   0.     ,   0.     ,   0.     ],
       [  0.     ,   0.     ,   0.     ,   0.     ],
       [  0.     ,   0.     ,   0.     ,   0.     ],
       [  0.     ,   0.     ,   0.     ,   0.     ],
       [  0.     ,   0.     ,   0.     ,   0.     ],
       [  0.     ,   0.     ,   0.     ,   0.     ],
       [  0.     ,   0.     ,   0.     ,   0.     ],
       [  0.     ,   0.     ,   0.     ,   0.     ],
       [  0.     ,   0.     ,   0.     ,   0.     ],
       [  0.     ,   0.     ,   0.     ,   0.     ],
       [  0.     ,   0.     ,   0.     ,   0.     ],
       [  0.     ,   0.     ,   0.     ,   0.     ],
       [  0.     ,   0.     ,   0.     ,   0.     ],
       [  0.     ,   0.     ,   0.     ,   0.     ],
       [  0.     ,   0.     ,   0.     ,   0.     ],
       [  0.     ,   0.     ,   0.     ,   0.     ],
       [  0.     ,   0.     ,   0.     ,   0.     ]], dtype=float32), 'detection_scores': array([0.96259   , 0.93600065, 0.8742686 , 0.6298283 , 0.45260373,
       0.39129537, 0.38351405, 0.        , 0.        , 0.        ,
       0.        , 0.        , 0.        , 0.        , 0.        ,
       0.        , 0.        , 0.        , 0.        , 0.        ,
       0.        , 0.        , 0.        , 0.        , 0.        ,
       0.        , 0.        , 0.        , 0.        , 0.        ,
       0.        , 0.        , 0.        , 0.        , 0.        ,
       0.        , 0.        , 0.        , 0.        , 0.        ,
       0.        , 0.        , 0.        , 0.        , 0.        ,
       0.        , 0.        , 0.        , 0.        , 0.        ,
       0.        , 0.        , 0.        , 0.        , 0.        ,
       0.        , 0.        , 0.        , 0.        , 0.        ,
       0.        , 0.        , 0.        , 0.        , 0.        ,
       0.        , 0.        , 0.        , 0.        , 0.        ,
       0.        , 0.        , 0.        , 0.        , 0.        ,
       0.        , 0.        , 0.        , 0.        , 0.        ,
       0.        , 0.        , 0.        , 0.        , 0.        ,
       0.        , 0.        , 0.        , 0.        , 0.        ,
       0.        , 0.        , 0.        , 0.        , 0.        ,
       0.        , 0.        , 0.        , 0.        , 0.        ],
      dtype=float32), 'detection_classes': array([1, 1, 1, 1, 1, 1, 1, 1, 1, 1, 1, 1, 1, 1, 1, 1, 1, 1, 1, 1, 1, 1,
       1, 1, 1, 1, 1, 1, 1, 1, 1, 1, 1, 1, 1, 1, 1, 1, 1, 1, 1, 1, 1, 1,
       1, 1, 1, 1, 1, 1, 1, 1, 1, 1, 1, 1, 1, 1, 1, 1, 1, 1, 1, 1, 1, 1,
       1, 1, 1, 1, 1, 1, 1, 1, 1, 1, 1, 1, 1, 1, 1, 1, 1, 1, 1, 1, 1, 1,
       1, 1, 1, 1, 1, 1, 1, 1, 1, 1, 1, 1], dtype=int64), 'groundtruth_boxes': array([[ 232.,    4.,  375.,  572.],
       [ 234.,  654.,  357.,  895.],
       [ 268.,  925.,  330., 1000.],
       [ 478.,   50.,  595.,  236.],
       [ 457.,  297.,  600.,  912.]], dtype=float32), 'groundtruth_classes': array([1, 1, 1, 1, 1], dtype=int64), 'groundtruth_area': array([], dtype=float32), 'groundtruth_is_crowd': array([], dtype=bool), 'groundtruth_difficult': array([], dtype=int64), 'groundtruth_group_of': array([], dtype=int64)}
image_id  set()
tp_fp_labels[i]_object_detection_evaluation=  [1. 1. 1. 1. 0. 0. 0.]
scores[i]_object_detection_evaluation=  [0.96258998 0.93600065 0.87426859 0.62982827 0.45260373 0.39129537
 0.38351405]
pricision.object_detection_evaluation = [1.         1.         1.         1.         0.8        0.66666667
 0.57142857]
recall.object_detection_evaluation = [0.2 0.4 0.6 0.8 0.8 0.8 0.8]
AP.metrics = 0.8
